added_route_id,trip_id
32,58870319
33,58870319
32,58870345
33,58870345
32,58713811
33,58713811
32,58766235
33,58766235
32,58779744
33,58779744
40,58870956
50,58870956
40,58871043
50,58871043
40,58713370
50,58713370
40,58713371
50,58713371
40,58713373
50,58713373
40,58713376
50,58713376
40,58717582
50,58717582
40,58717583
50,58717583
40,58717584
50,58717584
40,58717585
50,58717585
40,58717586
50,58717586
40,58717587
50,58717587
40,58717588
50,58717588
40,58717589
50,58717589
40,58789301
50,58789301
40,58789302
50,58789302
40,58789303
50,58789303
40,58789304
50,58789304
40,58789305
50,58789305
40,58789306
50,58789306
40,58789307
50,58789307
40,58789308
50,58789308
40,58780355
50,58780355
40,58780442
50,58780442
40,58870933
50,58870933
40,58870944
50,58870944
40,58713372
50,58713372
40,58713374
50,58713374
40,58713375
50,58713375
40,58713377
50,58713377
40,58717581
50,58717581
40,58717590
50,58717590
40,58717591
50,58717591
40,58717592
50,58717592
40,58717593
50,58717593
40,58717594
50,58717594
40,58717595
50,58717595
40,58717596
50,58717596
40,58789300
50,58789300
40,58789309
50,58789309
40,58789310
50,58789310
40,58789311
50,58789311
40,58789312
50,58789312
40,58789313
50,58789313
40,58789314
50,58789314
40,58789315
50,58789315
40,58780332
50,58780332
40,58780343
50,58780343
441,58653521
442,58653521
441,58653523
442,58653523
441,58653525
442,58653525
441,58653527
442,58653527
441,58653529
442,58653529
441,58653531
442,58653531
441,58653532
442,58653532
441,58653534
442,58653534
441,58653536
442,58653536
441,58653538
442,58653538
441,58653558
442,58653558
441,58653569
442,58653569
441,58653906
442,58653906
441,58653984
442,58653984
441,58653986
442,58653986
441,58656987
442,58656987
441,58657006
442,58657006
441,58658401
442,58658401
441,58658420
442,58658420
441,58654871
442,58654871
441,58654873
442,58654873
441,58654875
442,58654875
441,58654877
442,58654877
441,58654879
442,58654879
441,58654881
442,58654881
441,58654882
442,58654882
441,58654884
442,58654884
441,58654886
442,58654886
441,58654888
442,58654888
441,58654908
442,58654908
441,58654919
442,58654919
441,58655253
442,58655253
441,58655331
442,58655331
441,58655333
442,58655333
441,58653520
442,58653520
441,58653522
442,58653522
441,58653524
442,58653524
441,58653526
442,58653526
441,58653528
442,58653528
441,58653530
442,58653530
441,58653533
442,58653533
441,58653535
442,58653535
441,58653537
442,58653537
441,58653544
442,58653544
441,58653554
442,58653554
441,58653555
442,58653555
441,58653572
442,58653572
441,58653574
442,58653574
441,58653985
442,58653985
441,58656986
442,58656986
441,58656989
442,58656989
441,58657028
442,58657028
441,58658400
442,58658400
441,58658403
442,58658403
441,58658442
442,58658442
441,58654870
442,58654870
441,58654872
442,58654872
441,58654874
442,58654874
441,58654876
442,58654876
441,58654878
442,58654878
441,58654880
442,58654880
441,58654883
442,58654883
441,58654885
442,58654885
441,58654887
442,58654887
441,58654894
442,58654894
441,58654904
442,58654904
441,58654905
442,58654905
441,58654922
442,58654922
441,58654924
442,58654924
441,58655332
442,58655332
62,58555908
76,58555908
62,58555920
76,58555920
62,58555923
76,58555923
62,58555945
76,58555945
62,58555946
76,58555946
62,58555947
76,58555947
62,58555952
76,58555952
62,58555957
76,58555957
62,58555933
76,58555933
62,58555961
76,58555961
62,58557482
76,58557482
62,58557484
76,58557484
62,58557486
76,58557486
62,58557488
76,58557488
62,58557490
76,58557490
62,58557492
76,58557492
62,58557495
76,58557495
62,58557497
76,58557497
62,58557499
76,58557499
62,58557501
76,58557501
62,58557503
76,58557503
62,58557505
76,58557505
62,58651593
76,58651593
62,58651605
76,58651605
62,58651608
76,58651608
62,58651630
76,58651630
62,58651631
76,58651631
62,58651632
76,58651632
62,58651637
76,58651637
62,58651642
76,58651642
62,58651618
76,58651618
62,58651646
76,58651646
62,58555906
76,58555906
62,58555926
76,58555926
62,58555951
76,58555951
62,58555955
76,58555955
62,58555962
76,58555962
62,58555919
76,58555919
62,58555922
76,58555922
62,58555950
76,58555950
62,58555953
76,58555953
62,58555960
76,58555960
62,58557483
76,58557483
62,58557485
76,58557485
62,58557487
76,58557487
62,58557489
76,58557489
62,58557491
76,58557491
62,58557493
76,58557493
62,58557494
76,58557494
62,58557496
76,58557496
62,58557498
76,58557498
62,58557500
76,58557500
62,58557502
76,58557502
62,58557504
76,58557504
62,58651591
76,58651591
62,58651611
76,58651611
62,58651636
76,58651636
62,58651640
76,58651640
62,58651647
76,58651647
62,58651604
76,58651604
62,58651607
76,58651607
62,58651635
76,58651635
62,58651638
76,58651638
62,58651645
76,58651645
741,58803140
742,58803140
743,58803140
741,58803142
742,58803142
743,58803142
741,58803144
742,58803144
743,58803144
741,58803146
742,58803146
743,58803146
741,58803148
742,58803148
743,58803148
741,58803150
742,58803150
743,58803150
741,58803152
742,58803152
743,58803152
741,58803154
742,58803154
743,58803154
741,58803156
742,58803156
743,58803156
741,58803158
742,58803158
743,58803158
741,58803160
742,58803160
743,58803160
741,58803162
742,58803162
743,58803162
741,58803164
742,58803164
743,58803164
741,58803166
742,58803166
743,58803166
741,58803168
742,58803168
743,58803168
741,58803170
742,58803170
743,58803170
741,58803172
742,58803172
743,58803172
741,58803174
742,58803174
743,58803174
741,58803176
742,58803176
743,58803176
741,58803178
742,58803178
743,58803178
741,58803180
742,58803180
743,58803180
741,58803182
742,58803182
743,58803182
741,58803184
742,58803184
743,58803184
741,58803186
742,58803186
743,58803186
741,58803188
742,58803188
743,58803188
741,58803190
742,58803190
743,58803190
741,58803192
742,58803192
743,58803192
741,58803193
742,58803193
743,58803193
741,58803196
742,58803196
743,58803196
741,58803198
742,58803198
743,58803198
741,58803200
742,58803200
743,58803200
741,58803202
742,58803202
743,58803202
741,58803203
742,58803203
743,58803203
741,58803270
742,58803270
743,58803270
741,58803802
742,58803802
743,58803802
741,58803803
742,58803803
743,58803803
741,58803804
742,58803804
743,58803804
741,58803979
742,58803979
743,58803979
741,58803981
742,58803981
743,58803981
741,58803988
742,58803988
743,58803988
741,58804222
742,58804222
743,58804222
741,58804223
742,58804223
743,58804223
741,58804229
742,58804229
743,58804229
741,58804234
742,58804234
743,58804234
741,58804235
742,58804235
743,58804235
741,58804239
742,58804239
743,58804239
741,58804244
742,58804244
743,58804244
741,58804245
742,58804245
743,58804245
741,58804247
742,58804247
743,58804247
741,58804248
742,58804248
743,58804248
741,58804249
742,58804249
743,58804249
741,58804251
742,58804251
743,58804251
741,58706056
742,58706056
743,58706056
741,58706057
742,58706057
743,58706057
741,58706060
742,58706060
743,58706060
741,58706062
742,58706062
743,58706062
741,58706064
742,58706064
743,58706064
741,58706066
742,58706066
743,58706066
741,58706067
742,58706067
743,58706067
741,58706069
742,58706069
743,58706069
741,58706072
742,58706072
743,58706072
741,58706074
742,58706074
743,58706074
741,58706076
742,58706076
743,58706076
741,58706077
742,58706077
743,58706077
741,58706079
742,58706079
743,58706079
741,58706081
742,58706081
743,58706081
741,58706083
742,58706083
743,58706083
741,58706085
742,58706085
743,58706085
741,58706087
742,58706087
743,58706087
741,58706089
742,58706089
743,58706089
741,58706091
742,58706091
743,58706091
741,58706093
742,58706093
743,58706093
741,58706095
742,58706095
743,58706095
741,58706097
742,58706097
743,58706097
741,58706099
742,58706099
743,58706099
741,58706101
742,58706101
743,58706101
741,58706419
742,58706419
743,58706419
741,58706420
742,58706420
743,58706420
741,58706421
742,58706421
743,58706421
741,58706422
742,58706422
743,58706422
741,58706854
742,58706854
743,58706854
741,58706866
742,58706866
743,58706866
741,58706867
742,58706867
743,58706867
741,58706876
742,58706876
743,58706876
741,58706953
742,58706953
743,58706953
741,58706958
742,58706958
743,58706958
741,58706976
742,58706976
743,58706976
741,58707025
742,58707025
743,58707025
741,58707026
742,58707026
743,58707026
741,58707027
742,58707027
743,58707027
741,58707028
742,58707028
743,58707028
741,58720621
742,58720621
743,58720621
741,58720625
742,58720625
743,58720625
741,58720628
742,58720628
743,58720628
741,58720633
742,58720633
743,58720633
741,58720640
742,58720640
743,58720640
741,58720641
742,58720641
743,58720641
741,58720646
742,58720646
743,58720646
741,58720650
742,58720650
743,58720650
741,58720656
742,58720656
743,58720656
741,58720664
742,58720664
743,58720664
741,58704185
742,58704185
743,58704185
741,58704186
742,58704186
743,58704186
741,58704189
742,58704189
743,58704189
741,58704191
742,58704191
743,58704191
741,58704193
742,58704193
743,58704193
741,58704195
742,58704195
743,58704195
741,58704196
742,58704196
743,58704196
741,58704198
742,58704198
743,58704198
741,58704201
742,58704201
743,58704201
741,58704203
742,58704203
743,58704203
741,58704205
742,58704205
743,58704205
741,58704206
742,58704206
743,58704206
741,58704208
742,58704208
743,58704208
741,58704210
742,58704210
743,58704210
741,58704212
742,58704212
743,58704212
741,58704214
742,58704214
743,58704214
741,58704216
742,58704216
743,58704216
741,58704218
742,58704218
743,58704218
741,58704220
742,58704220
743,58704220
741,58704222
742,58704222
743,58704222
741,58704224
742,58704224
743,58704224
741,58704226
742,58704226
743,58704226
741,58704228
742,58704228
743,58704228
741,58704230
742,58704230
743,58704230
741,58704583
742,58704583
743,58704583
741,58704584
742,58704584
743,58704584
741,58704585
742,58704585
743,58704585
741,58704586
742,58704586
743,58704586
741,58705038
742,58705038
743,58705038
741,58705039
742,58705039
743,58705039
741,58705040
742,58705040
743,58705040
741,58705041
742,58705041
743,58705041
741,58705042
742,58705042
743,58705042
741,58705045
742,58705045
743,58705045
741,58705070
742,58705070
743,58705070
741,58705071
742,58705071
743,58705071
741,58705072
742,58705072
743,58705072
741,58705083
742,58705083
743,58705083
741,58711806
742,58711806
743,58711806
741,58711817
742,58711817
743,58711817
741,58711829
742,58711829
743,58711829
741,58711831
742,58711831
743,58711831
741,58718298
742,58718298
743,58718298
741,58718299
742,58718299
743,58718299
741,58718300
742,58718300
743,58718300
741,58718306
742,58718306
743,58718306
741,58718307
742,58718307
743,58718307
741,58718309
742,58718309
743,58718309
741,58718314
742,58718314
743,58718314
741,58683301
742,58683301
743,58683301
741,58683302
742,58683302
743,58683302
741,58683305
742,58683305
743,58683305
741,58683307
742,58683307
743,58683307
741,58683309
742,58683309
743,58683309
741,58683311
742,58683311
743,58683311
741,58683312
742,58683312
743,58683312
741,58683314
742,58683314
743,58683314
741,58683317
742,58683317
743,58683317
741,58683319
742,58683319
743,58683319
741,58683321
742,58683321
743,58683321
741,58683322
742,58683322
743,58683322
741,58683324
742,58683324
743,58683324
741,58683326
742,58683326
743,58683326
741,58683328
742,58683328
743,58683328
741,58683330
742,58683330
743,58683330
741,58683332
742,58683332
743,58683332
741,58683334
742,58683334
743,58683334
741,58683336
742,58683336
743,58683336
741,58683338
742,58683338
743,58683338
741,58683340
742,58683340
743,58683340
741,58683342
742,58683342
743,58683342
741,58683344
742,58683344
743,58683344
741,58683346
742,58683346
743,58683346
741,58683664
742,58683664
743,58683664
741,58683665
742,58683665
743,58683665
741,58683666
742,58683666
743,58683666
741,58683667
742,58683667
743,58683667
741,58684107
742,58684107
743,58684107
741,58684119
742,58684119
743,58684119
741,58684120
742,58684120
743,58684120
741,58684129
742,58684129
743,58684129
741,58684206
742,58684206
743,58684206
741,58684211
742,58684211
743,58684211
741,58684229
742,58684229
743,58684229
741,58684278
742,58684278
743,58684278
741,58684279
742,58684279
743,58684279
741,58684280
742,58684280
743,58684280
741,58684281
742,58684281
743,58684281
741,58691540
742,58691540
743,58691540
741,58691545
742,58691545
743,58691545
741,58691547
742,58691547
743,58691547
741,58691558
742,58691558
743,58691558
741,58691562
742,58691562
743,58691562
741,58691584
742,58691584
743,58691584
741,58691591
742,58691591
743,58691591
741,58691594
742,58691594
743,58691594
741,58691595
742,58691595
743,58691595
741,58771655
742,58771655
743,58771655
741,58771664
742,58771664
743,58771664
741,58771665
742,58771665
743,58771665
741,58771666
742,58771666
743,58771666
741,58771667
742,58771667
743,58771667
741,58771668
742,58771668
743,58771668
741,58771669
742,58771669
743,58771669
741,58771670
742,58771670
743,58771670
741,58771671
742,58771671
743,58771671
741,58771672
742,58771672
743,58771672
741,58771673
742,58771673
743,58771673
741,58771674
742,58771674
743,58771674
741,58771675
742,58771675
743,58771675
741,58771676
742,58771676
743,58771676
741,58771679
742,58771679
743,58771679
741,58771685
742,58771685
743,58771685
741,58771687
742,58771687
743,58771687
741,58771688
742,58771688
743,58771688
741,58771690
742,58771690
743,58771690
741,58771693
742,58771693
743,58771693
741,58771694
742,58771694
743,58771694
741,58771696
742,58771696
743,58771696
741,58771697
742,58771697
743,58771697
741,58771699
742,58771699
743,58771699
741,58771701
742,58771701
743,58771701
741,58771703
742,58771703
743,58771703
741,58772488
742,58772488
743,58772488
741,58772848
742,58772848
743,58772848
741,58772849
742,58772849
743,58772849
741,58772850
742,58772850
743,58772850
741,58773076
742,58773076
743,58773076
741,58773077
742,58773077
743,58773077
741,58773078
742,58773078
743,58773078
741,58773079
742,58773079
743,58773079
741,58782235
742,58782235
743,58782235
741,58782244
742,58782244
743,58782244
741,58782248
742,58782248
743,58782248
741,58782249
742,58782249
743,58782249
741,58782253
742,58782253
743,58782253
741,58782255
742,58782255
743,58782255
741,58782257
742,58782257
743,58782257
741,58782258
742,58782258
743,58782258
741,58782266
742,58782266
743,58782266
741,58798588
742,58798588
743,58798588
741,58798590
742,58798590
743,58798590
741,58798592
742,58798592
743,58798592
741,58798594
742,58798594
743,58798594
741,58798596
742,58798596
743,58798596
741,58798598
742,58798598
743,58798598
741,58798600
742,58798600
743,58798600
741,58798602
742,58798602
743,58798602
741,58798604
742,58798604
743,58798604
741,58798606
742,58798606
743,58798606
741,58798608
742,58798608
743,58798608
741,58798610
742,58798610
743,58798610
741,58798612
742,58798612
743,58798612
741,58798614
742,58798614
743,58798614
741,58798616
742,58798616
743,58798616
741,58798618
742,58798618
743,58798618
741,58798620
742,58798620
743,58798620
741,58798622
742,58798622
743,58798622
741,58798624
742,58798624
743,58798624
741,58798626
742,58798626
743,58798626
741,58798628
742,58798628
743,58798628
741,58798630
742,58798630
743,58798630
741,58798632
742,58798632
743,58798632
741,58798634
742,58798634
743,58798634
741,58798636
742,58798636
743,58798636
741,58798638
742,58798638
743,58798638
741,58798640
742,58798640
743,58798640
741,58798641
742,58798641
743,58798641
741,58798644
742,58798644
743,58798644
741,58798646
742,58798646
743,58798646
741,58798648
742,58798648
743,58798648
741,58798650
742,58798650
743,58798650
741,58798651
742,58798651
743,58798651
741,58798668
742,58798668
743,58798668
741,58799308
742,58799308
743,58799308
741,58799317
742,58799317
743,58799317
741,58799318
742,58799318
743,58799318
741,58799458
742,58799458
743,58799458
741,58799514
742,58799514
743,58799514
741,58799517
742,58799517
743,58799517
741,58799759
742,58799759
743,58799759
741,58799763
742,58799763
743,58799763
741,58799770
742,58799770
743,58799770
741,58799771
742,58799771
743,58799771
741,58799772
742,58799772
743,58799772
741,58799778
742,58799778
743,58799778
741,58799779
742,58799779
743,58799779
741,58799780
742,58799780
743,58799780
741,58799781
742,58799781
743,58799781
741,58799782
742,58799782
743,58799782
741,58799783
742,58799783
743,58799783
741,58799784
742,58799784
743,58799784
741,58634555
742,58634555
743,58634555
741,58634556
742,58634556
743,58634556
741,58634559
742,58634559
743,58634559
741,58634561
742,58634561
743,58634561
741,58634563
742,58634563
743,58634563
741,58634565
742,58634565
743,58634565
741,58634566
742,58634566
743,58634566
741,58634568
742,58634568
743,58634568
741,58634571
742,58634571
743,58634571
741,58634573
742,58634573
743,58634573
741,58634575
742,58634575
743,58634575
741,58634576
742,58634576
743,58634576
741,58634578
742,58634578
743,58634578
741,58634580
742,58634580
743,58634580
741,58634582
742,58634582
743,58634582
741,58634584
742,58634584
743,58634584
741,58634586
742,58634586
743,58634586
741,58634588
742,58634588
743,58634588
741,58634590
742,58634590
743,58634590
741,58634592
742,58634592
743,58634592
741,58634594
742,58634594
743,58634594
741,58634596
742,58634596
743,58634596
741,58634598
742,58634598
743,58634598
741,58634600
742,58634600
743,58634600
741,58634953
742,58634953
743,58634953
741,58634954
742,58634954
743,58634954
741,58634955
742,58634955
743,58634955
741,58634956
742,58634956
743,58634956
741,58635446
742,58635446
743,58635446
741,58635447
742,58635447
743,58635447
741,58635448
742,58635448
743,58635448
741,58635449
742,58635449
743,58635449
741,58635450
742,58635450
743,58635450
741,58635453
742,58635453
743,58635453
741,58635478
742,58635478
743,58635478
741,58635479
742,58635479
743,58635479
741,58635480
742,58635480
743,58635480
741,58666648
742,58666648
743,58666648
741,58666667
742,58666667
743,58666667
741,58666669
742,58666669
743,58666669
741,58666671
742,58666671
743,58666671
741,58666686
742,58666686
743,58666686
741,58666687
742,58666687
743,58666687
741,58666690
742,58666690
743,58666690
741,58674088
742,58674088
743,58674088
741,58674096
742,58674096
743,58674096
741,58674097
742,58674097
743,58674097
741,58725427
742,58725427
743,58725427
741,58776757
742,58776757
743,58776757
741,58776766
742,58776766
743,58776766
741,58776767
742,58776767
743,58776767
741,58776768
742,58776768
743,58776768
741,58776769
742,58776769
743,58776769
741,58776770
742,58776770
743,58776770
741,58776771
742,58776771
743,58776771
741,58776772
742,58776772
743,58776772
741,58776773
742,58776773
743,58776773
741,58776774
742,58776774
743,58776774
741,58776775
742,58776775
743,58776775
741,58776776
742,58776776
743,58776776
741,58776777
742,58776777
743,58776777
741,58776778
742,58776778
743,58776778
741,58776781
742,58776781
743,58776781
741,58776789
742,58776789
743,58776789
741,58776794
742,58776794
743,58776794
741,58776795
742,58776795
743,58776795
741,58776802
742,58776802
743,58776802
741,58776807
742,58776807
743,58776807
741,58776811
742,58776811
743,58776811
741,58776813
742,58776813
743,58776813
741,58776820
742,58776820
743,58776820
741,58776825
742,58776825
743,58776825
741,58776830
742,58776830
743,58776830
741,58776834
742,58776834
743,58776834
741,58777653
742,58777653
743,58777653
741,58777815
742,58777815
743,58777815
741,58777816
742,58777816
743,58777816
741,58778023
742,58778023
743,58778023
741,58778024
742,58778024
743,58778024
741,58778025
742,58778025
743,58778025
741,58778216
742,58778216
743,58778216
741,58778217
742,58778217
743,58778217
741,58778219
742,58778219
743,58778219
741,58778221
742,58778221
743,58778221
741,58778222
742,58778222
743,58778222
741,58778224
742,58778224
743,58778224
741,58778226
742,58778226
743,58778226
741,58778227
742,58778227
743,58778227
741,58778228
742,58778228
743,58778228
741,58778229
742,58778229
743,58778229
741,58778236
742,58778236
743,58778236
741,58791617
742,58791617
743,58791617
741,58791619
742,58791619
743,58791619
741,58791621
742,58791621
743,58791621
741,58791623
742,58791623
743,58791623
741,58791625
742,58791625
743,58791625
741,58791627
742,58791627
743,58791627
741,58791629
742,58791629
743,58791629
741,58791631
742,58791631
743,58791631
741,58791633
742,58791633
743,58791633
741,58791635
742,58791635
743,58791635
741,58791637
742,58791637
743,58791637
741,58791639
742,58791639
743,58791639
741,58791641
742,58791641
743,58791641
741,58791643
742,58791643
743,58791643
741,58791645
742,58791645
743,58791645
741,58791647
742,58791647
743,58791647
741,58791649
742,58791649
743,58791649
741,58791651
742,58791651
743,58791651
741,58791653
742,58791653
743,58791653
741,58791655
742,58791655
743,58791655
741,58791657
742,58791657
743,58791657
741,58791659
742,58791659
743,58791659
741,58791661
742,58791661
743,58791661
741,58791663
742,58791663
743,58791663
741,58791665
742,58791665
743,58791665
741,58791667
742,58791667
743,58791667
741,58791669
742,58791669
743,58791669
741,58791670
742,58791670
743,58791670
741,58791673
742,58791673
743,58791673
741,58791675
742,58791675
743,58791675
741,58791677
742,58791677
743,58791677
741,58791679
742,58791679
743,58791679
741,58791680
742,58791680
743,58791680
741,58791747
742,58791747
743,58791747
741,58792279
742,58792279
743,58792279
741,58792280
742,58792280
743,58792280
741,58792281
742,58792281
743,58792281
741,58792456
742,58792456
743,58792456
741,58792458
742,58792458
743,58792458
741,58792465
742,58792465
743,58792465
741,58792712
742,58792712
743,58792712
741,58792713
742,58792713
743,58792713
741,58792715
742,58792715
743,58792715
741,58792717
742,58792717
743,58792717
741,58792718
742,58792718
743,58792718
741,58792719
742,58792719
743,58792719
741,58792720
742,58792720
743,58792720
741,58792721
742,58792721
743,58792721
741,58792722
742,58792722
743,58792722
741,58792723
742,58792723
743,58792723
741,58792724
742,58792724
743,58792724
741,58792735
742,58792735
743,58792735
741,58803141
742,58803141
743,58803141
741,58803143
742,58803143
743,58803143
741,58803145
742,58803145
743,58803145
741,58803147
742,58803147
743,58803147
741,58803149
742,58803149
743,58803149
741,58803151
742,58803151
743,58803151
741,58803153
742,58803153
743,58803153
741,58803155
742,58803155
743,58803155
741,58803157
742,58803157
743,58803157
741,58803159
742,58803159
743,58803159
741,58803161
742,58803161
743,58803161
741,58803163
742,58803163
743,58803163
741,58803165
742,58803165
743,58803165
741,58803167
742,58803167
743,58803167
741,58803169
742,58803169
743,58803169
741,58803171
742,58803171
743,58803171
741,58803173
742,58803173
743,58803173
741,58803175
742,58803175
743,58803175
741,58803177
742,58803177
743,58803177
741,58803179
742,58803179
743,58803179
741,58803181
742,58803181
743,58803181
741,58803183
742,58803183
743,58803183
741,58803185
742,58803185
743,58803185
741,58803187
742,58803187
743,58803187
741,58803189
742,58803189
743,58803189
741,58803191
742,58803191
743,58803191
741,58803194
742,58803194
743,58803194
741,58803195
742,58803195
743,58803195
741,58803197
742,58803197
743,58803197
741,58803199
742,58803199
743,58803199
741,58803201
742,58803201
743,58803201
741,58803204
742,58803204
743,58803204
741,58803417
742,58803417
743,58803417
741,58803418
742,58803418
743,58803418
741,58803800
742,58803800
743,58803800
741,58803813
742,58803813
743,58803813
741,58803814
742,58803814
743,58803814
741,58803980
742,58803980
743,58803980
741,58803982
742,58803982
743,58803982
741,58803983
742,58803983
743,58803983
741,58803985
742,58803985
743,58803985
741,58803987
742,58803987
743,58803987
741,58804225
742,58804225
743,58804225
741,58804228
742,58804228
743,58804228
741,58804231
742,58804231
743,58804231
741,58804237
742,58804237
743,58804237
741,58804238
742,58804238
743,58804238
741,58804246
742,58804246
743,58804246
741,58804254
742,58804254
743,58804254
741,58804256
742,58804256
743,58804256
741,58804259
742,58804259
743,58804259
741,58804261
742,58804261
743,58804261
741,58804263
742,58804263
743,58804263
741,58804264
742,58804264
743,58804264
741,58705576
742,58705576
743,58705576
741,58705577
742,58705577
743,58705577
741,58706058
742,58706058
743,58706058
741,58706059
742,58706059
743,58706059
741,58706061
742,58706061
743,58706061
741,58706063
742,58706063
743,58706063
741,58706065
742,58706065
743,58706065
741,58706068
742,58706068
743,58706068
741,58706070
742,58706070
743,58706070
741,58706071
742,58706071
743,58706071
741,58706073
742,58706073
743,58706073
741,58706075
742,58706075
743,58706075
741,58706078
742,58706078
743,58706078
741,58706080
742,58706080
743,58706080
741,58706082
742,58706082
743,58706082
741,58706084
742,58706084
743,58706084
741,58706086
742,58706086
743,58706086
741,58706088
742,58706088
743,58706088
741,58706090
742,58706090
743,58706090
741,58706092
742,58706092
743,58706092
741,58706094
742,58706094
743,58706094
741,58706096
742,58706096
743,58706096
741,58706098
742,58706098
743,58706098
741,58706100
742,58706100
743,58706100
741,58706192
742,58706192
743,58706192
741,58706193
742,58706193
743,58706193
741,58706416
742,58706416
743,58706416
741,58706417
742,58706417
743,58706417
741,58706418
742,58706418
743,58706418
741,58706780
742,58706780
743,58706780
741,58706784
742,58706784
743,58706784
741,58706785
742,58706785
743,58706785
741,58706797
742,58706797
743,58706797
741,58706798
742,58706798
743,58706798
741,58706799
742,58706799
743,58706799
741,58706819
742,58706819
743,58706819
741,58706829
742,58706829
743,58706829
741,58706838
742,58706838
743,58706838
741,58706911
742,58706911
743,58706911
741,58706920
742,58706920
743,58706920
741,58707020
742,58707020
743,58707020
741,58707021
742,58707021
743,58707021
741,58707022
742,58707022
743,58707022
741,58707023
742,58707023
743,58707023
741,58707024
742,58707024
743,58707024
741,58720617
742,58720617
743,58720617
741,58720623
742,58720623
743,58720623
741,58720634
742,58720634
743,58720634
741,58720637
742,58720637
743,58720637
741,58720647
742,58720647
743,58720647
741,58720651
742,58720651
743,58720651
741,58720662
742,58720662
743,58720662
741,58720665
742,58720665
743,58720665
741,58720666
742,58720666
743,58720666
741,58720668
742,58720668
743,58720668
741,58703706
742,58703706
743,58703706
741,58703707
742,58703707
743,58703707
741,58704187
742,58704187
743,58704187
741,58704188
742,58704188
743,58704188
741,58704190
742,58704190
743,58704190
741,58704192
742,58704192
743,58704192
741,58704194
742,58704194
743,58704194
741,58704197
742,58704197
743,58704197
741,58704199
742,58704199
743,58704199
741,58704200
742,58704200
743,58704200
741,58704202
742,58704202
743,58704202
741,58704204
742,58704204
743,58704204
741,58704207
742,58704207
743,58704207
741,58704209
742,58704209
743,58704209
741,58704211
742,58704211
743,58704211
741,58704213
742,58704213
743,58704213
741,58704215
742,58704215
743,58704215
741,58704217
742,58704217
743,58704217
741,58704219
742,58704219
743,58704219
741,58704221
742,58704221
743,58704221
741,58704223
742,58704223
743,58704223
741,58704225
742,58704225
743,58704225
741,58704227
742,58704227
743,58704227
741,58704229
742,58704229
743,58704229
741,58704321
742,58704321
743,58704321
741,58704322
742,58704322
743,58704322
741,58704580
742,58704580
743,58704580
741,58704581
742,58704581
743,58704581
741,58704582
742,58704582
743,58704582
741,58705024
742,58705024
743,58705024
741,58705025
742,58705025
743,58705025
741,58705027
742,58705027
743,58705027
741,58705029
742,58705029
743,58705029
741,58705030
742,58705030
743,58705030
741,58705032
742,58705032
743,58705032
741,58705033
742,58705033
743,58705033
741,58705034
742,58705034
743,58705034
741,58705035
742,58705035
743,58705035
741,58705036
742,58705036
743,58705036
741,58705037
742,58705037
743,58705037
741,58705065
742,58705065
743,58705065
741,58705066
742,58705066
743,58705066
741,58705067
742,58705067
743,58705067
741,58705068
742,58705068
743,58705068
741,58705069
742,58705069
743,58705069
741,58711809
742,58711809
743,58711809
741,58711810
742,58711810
743,58711810
741,58711812
742,58711812
743,58711812
741,58711814
742,58711814
743,58711814
741,58711820
742,58711820
743,58711820
741,58711832
742,58711832
743,58711832
741,58718296
742,58718296
743,58718296
741,58718313
742,58718313
743,58718313
741,58718316
742,58718316
743,58718316
741,58718318
742,58718318
743,58718318
741,58718324
742,58718324
743,58718324
741,58682821
742,58682821
743,58682821
741,58682822
742,58682822
743,58682822
741,58683303
742,58683303
743,58683303
741,58683304
742,58683304
743,58683304
741,58683306
742,58683306
743,58683306
741,58683308
742,58683308
743,58683308
741,58683310
742,58683310
743,58683310
741,58683313
742,58683313
743,58683313
741,58683315
742,58683315
743,58683315
741,58683316
742,58683316
743,58683316
741,58683318
742,58683318
743,58683318
741,58683320
742,58683320
743,58683320
741,58683323
742,58683323
743,58683323
741,58683325
742,58683325
743,58683325
741,58683327
742,58683327
743,58683327
741,58683329
742,58683329
743,58683329
741,58683331
742,58683331
743,58683331
741,58683333
742,58683333
743,58683333
741,58683335
742,58683335
743,58683335
741,58683337
742,58683337
743,58683337
741,58683339
742,58683339
743,58683339
741,58683341
742,58683341
743,58683341
741,58683343
742,58683343
743,58683343
741,58683345
742,58683345
743,58683345
741,58683437
742,58683437
743,58683437
741,58683438
742,58683438
743,58683438
741,58683661
742,58683661
743,58683661
741,58683662
742,58683662
743,58683662
741,58683663
742,58683663
743,58683663
741,58684033
742,58684033
743,58684033
741,58684037
742,58684037
743,58684037
741,58684038
742,58684038
743,58684038
741,58684050
742,58684050
743,58684050
741,58684051
742,58684051
743,58684051
741,58684052
742,58684052
743,58684052
741,58684072
742,58684072
743,58684072
741,58684082
742,58684082
743,58684082
741,58684091
742,58684091
743,58684091
741,58684164
742,58684164
743,58684164
741,58684173
742,58684173
743,58684173
741,58684273
742,58684273
743,58684273
741,58684274
742,58684274
743,58684274
741,58684275
742,58684275
743,58684275
741,58684276
742,58684276
743,58684276
741,58684277
742,58684277
743,58684277
741,58691548
742,58691548
743,58691548
741,58691566
742,58691566
743,58691566
741,58691570
742,58691570
743,58691570
741,58691572
742,58691572
743,58691572
741,58691579
742,58691579
743,58691579
741,58691583
742,58691583
743,58691583
741,58691587
742,58691587
743,58691587
741,58691597
742,58691597
743,58691597
741,58691600
742,58691600
743,58691600
741,58771649
742,58771649
743,58771649
741,58771650
742,58771650
743,58771650
741,58771651
742,58771651
743,58771651
741,58771652
742,58771652
743,58771652
741,58771653
742,58771653
743,58771653
741,58771654
742,58771654
743,58771654
741,58771656
742,58771656
743,58771656
741,58771657
742,58771657
743,58771657
741,58771658
742,58771658
743,58771658
741,58771659
742,58771659
743,58771659
741,58771660
742,58771660
743,58771660
741,58771661
742,58771661
743,58771661
741,58771662
742,58771662
743,58771662
741,58771663
742,58771663
743,58771663
741,58771678
742,58771678
743,58771678
741,58771681
742,58771681
743,58771681
741,58771684
742,58771684
743,58771684
741,58771686
742,58771686
743,58771686
741,58771689
742,58771689
743,58771689
741,58771691
742,58771691
743,58771691
741,58771692
742,58771692
743,58771692
741,58771695
742,58771695
743,58771695
741,58771698
742,58771698
743,58771698
741,58771700
742,58771700
743,58771700
741,58771702
742,58771702
743,58771702
741,58771704
742,58771704
743,58771704
741,58772335
742,58772335
743,58772335
741,58772336
742,58772336
743,58772336
741,58772841
742,58772841
743,58772841
741,58772843
742,58772843
743,58772843
741,58772844
742,58772844
743,58772844
741,58772845
742,58772845
743,58772845
741,58772846
742,58772846
743,58772846
741,58772847
742,58772847
743,58772847
741,58773070
742,58773070
743,58773070
741,58773071
742,58773071
743,58773071
741,58773072
742,58773072
743,58773072
741,58773073
742,58773073
743,58773073
741,58773074
742,58773074
743,58773074
741,58773075
742,58773075
743,58773075
741,58782240
742,58782240
743,58782240
741,58782246
742,58782246
743,58782246
741,58782247
742,58782247
743,58782247
741,58782251
742,58782251
743,58782251
741,58782252
742,58782252
743,58782252
741,58782260
742,58782260
743,58782260
741,58782262
742,58782262
743,58782262
741,58782265
742,58782265
743,58782265
741,58782267
742,58782267
743,58782267
741,58798589
742,58798589
743,58798589
741,58798591
742,58798591
743,58798591
741,58798593
742,58798593
743,58798593
741,58798595
742,58798595
743,58798595
741,58798597
742,58798597
743,58798597
741,58798599
742,58798599
743,58798599
741,58798601
742,58798601
743,58798601
741,58798603
742,58798603
743,58798603
741,58798605
742,58798605
743,58798605
741,58798607
742,58798607
743,58798607
741,58798609
742,58798609
743,58798609
741,58798611
742,58798611
743,58798611
741,58798613
742,58798613
743,58798613
741,58798615
742,58798615
743,58798615
741,58798617
742,58798617
743,58798617
741,58798619
742,58798619
743,58798619
741,58798621
742,58798621
743,58798621
741,58798623
742,58798623
743,58798623
741,58798625
742,58798625
743,58798625
741,58798627
742,58798627
743,58798627
741,58798629
742,58798629
743,58798629
741,58798631
742,58798631
743,58798631
741,58798633
742,58798633
743,58798633
741,58798635
742,58798635
743,58798635
741,58798637
742,58798637
743,58798637
741,58798639
742,58798639
743,58798639
741,58798642
742,58798642
743,58798642
741,58798643
742,58798643
743,58798643
741,58798645
742,58798645
743,58798645
741,58798647
742,58798647
743,58798647
741,58798649
742,58798649
743,58798649
741,58798652
742,58798652
743,58798652
741,58798812
742,58798812
743,58798812
741,58798813
742,58798813
743,58798813
741,58799061
742,58799061
743,58799061
741,58799305
742,58799305
743,58799305
741,58799307
742,58799307
743,58799307
741,58799309
742,58799309
743,58799309
741,58799313
742,58799313
743,58799313
741,58799319
742,58799319
743,58799319
741,58799334
742,58799334
743,58799334
741,58799336
742,58799336
743,58799336
741,58799341
742,58799341
743,58799341
741,58799361
742,58799361
743,58799361
741,58799387
742,58799387
743,58799387
741,58799464
742,58799464
743,58799464
741,58799761
742,58799761
743,58799761
741,58799762
742,58799762
743,58799762
741,58799769
742,58799769
743,58799769
741,58799775
742,58799775
743,58799775
741,58799787
742,58799787
743,58799787
741,58799790
742,58799790
743,58799790
741,58799792
742,58799792
743,58799792
741,58799795
742,58799795
743,58799795
741,58799797
742,58799797
743,58799797
741,58799798
742,58799798
743,58799798
741,58799799
742,58799799
743,58799799
741,58799800
742,58799800
743,58799800
741,58634076
742,58634076
743,58634076
741,58634077
742,58634077
743,58634077
741,58634557
742,58634557
743,58634557
741,58634558
742,58634558
743,58634558
741,58634560
742,58634560
743,58634560
741,58634562
742,58634562
743,58634562
741,58634564
742,58634564
743,58634564
741,58634567
742,58634567
743,58634567
741,58634569
742,58634569
743,58634569
741,58634570
742,58634570
743,58634570
741,58634572
742,58634572
743,58634572
741,58634574
742,58634574
743,58634574
741,58634577
742,58634577
743,58634577
741,58634579
742,58634579
743,58634579
741,58634581
742,58634581
743,58634581
741,58634583
742,58634583
743,58634583
741,58634585
742,58634585
743,58634585
741,58634587
742,58634587
743,58634587
741,58634589
742,58634589
743,58634589
741,58634591
742,58634591
743,58634591
741,58634593
742,58634593
743,58634593
741,58634595
742,58634595
743,58634595
741,58634597
742,58634597
743,58634597
741,58634599
742,58634599
743,58634599
741,58634691
742,58634691
743,58634691
741,58634692
742,58634692
743,58634692
741,58634950
742,58634950
743,58634950
741,58634951
742,58634951
743,58634951
741,58634952
742,58634952
743,58634952
741,58635432
742,58635432
743,58635432
741,58635433
742,58635433
743,58635433
741,58635435
742,58635435
743,58635435
741,58635437
742,58635437
743,58635437
741,58635438
742,58635438
743,58635438
741,58635440
742,58635440
743,58635440
741,58635441
742,58635441
743,58635441
741,58635442
742,58635442
743,58635442
741,58635443
742,58635443
743,58635443
741,58635444
742,58635444
743,58635444
741,58635445
742,58635445
743,58635445
741,58635473
742,58635473
743,58635473
741,58635474
742,58635474
743,58635474
741,58635475
742,58635475
743,58635475
741,58635476
742,58635476
743,58635476
741,58635477
742,58635477
743,58635477
741,58666654
742,58666654
743,58666654
741,58666655
742,58666655
743,58666655
741,58666673
742,58666673
743,58666673
741,58666676
742,58666676
743,58666676
741,58666677
742,58666677
743,58666677
741,58666684
742,58666684
743,58666684
741,58666693
742,58666693
743,58666693
741,58666694
742,58666694
743,58666694
741,58674098
742,58674098
743,58674098
741,58674102
742,58674102
743,58674102
741,58776751
742,58776751
743,58776751
741,58776752
742,58776752
743,58776752
741,58776753
742,58776753
743,58776753
741,58776754
742,58776754
743,58776754
741,58776755
742,58776755
743,58776755
741,58776756
742,58776756
743,58776756
741,58776758
742,58776758
743,58776758
741,58776759
742,58776759
743,58776759
741,58776760
742,58776760
743,58776760
741,58776761
742,58776761
743,58776761
741,58776762
742,58776762
743,58776762
741,58776763
742,58776763
743,58776763
741,58776764
742,58776764
743,58776764
741,58776765
742,58776765
743,58776765
741,58776780
742,58776780
743,58776780
741,58776783
742,58776783
743,58776783
741,58776788
742,58776788
743,58776788
741,58776793
742,58776793
743,58776793
741,58776801
742,58776801
743,58776801
741,58776805
742,58776805
743,58776805
741,58776806
742,58776806
743,58776806
741,58776812
742,58776812
743,58776812
741,58776821
742,58776821
743,58776821
741,58776826
742,58776826
743,58776826
741,58776831
742,58776831
743,58776831
741,58776835
742,58776835
743,58776835
741,58777500
742,58777500
743,58777500
741,58777501
742,58777501
743,58777501
741,58777811
742,58777811
743,58777811
741,58777812
742,58777812
743,58777812
741,58777813
742,58777813
743,58777813
741,58777814
742,58777814
743,58777814
741,58778016
742,58778016
743,58778016
741,58778018
742,58778018
743,58778018
741,58778019
742,58778019
743,58778019
741,58778020
742,58778020
743,58778020
741,58778021
742,58778021
743,58778021
741,58778022
742,58778022
743,58778022
741,58778215
742,58778215
743,58778215
741,58778218
742,58778218
743,58778218
741,58778220
742,58778220
743,58778220
741,58778223
742,58778223
743,58778223
741,58778225
742,58778225
743,58778225
741,58778230
742,58778230
743,58778230
741,58778231
742,58778231
743,58778231
741,58778232
742,58778232
743,58778232
741,58778233
742,58778233
743,58778233
741,58778234
742,58778234
743,58778234
741,58778235
742,58778235
743,58778235
741,58791618
742,58791618
743,58791618
741,58791620
742,58791620
743,58791620
741,58791622
742,58791622
743,58791622
741,58791624
742,58791624
743,58791624
741,58791626
742,58791626
743,58791626
741,58791628
742,58791628
743,58791628
741,58791630
742,58791630
743,58791630
741,58791632
742,58791632
743,58791632
741,58791634
742,58791634
743,58791634
741,58791636
742,58791636
743,58791636
741,58791638
742,58791638
743,58791638
741,58791640
742,58791640
743,58791640
741,58791642
742,58791642
743,58791642
741,58791644
742,58791644
743,58791644
741,58791646
742,58791646
743,58791646
741,58791648
742,58791648
743,58791648
741,58791650
742,58791650
743,58791650
741,58791652
742,58791652
743,58791652
741,58791654
742,58791654
743,58791654
741,58791656
742,58791656
743,58791656
741,58791658
742,58791658
743,58791658
741,58791660
742,58791660
743,58791660
741,58791662
742,58791662
743,58791662
741,58791664
742,58791664
743,58791664
741,58791666
742,58791666
743,58791666
741,58791668
742,58791668
743,58791668
741,58791671
742,58791671
743,58791671
741,58791672
742,58791672
743,58791672
741,58791674
742,58791674
743,58791674
741,58791676
742,58791676
743,58791676
741,58791678
742,58791678
743,58791678
741,58791681
742,58791681
743,58791681
741,58791894
742,58791894
743,58791894
741,58791895
742,58791895
743,58791895
741,58792277
742,58792277
743,58792277
741,58792290
742,58792290
743,58792290
741,58792291
742,58792291
743,58792291
741,58792457
742,58792457
743,58792457
741,58792459
742,58792459
743,58792459
741,58792460
742,58792460
743,58792460
741,58792462
742,58792462
743,58792462
741,58792464
742,58792464
743,58792464
741,58792714
742,58792714
743,58792714
741,58792716
742,58792716
743,58792716
741,58792725
742,58792725
743,58792725
741,58792726
742,58792726
743,58792726
741,58792727
742,58792727
743,58792727
741,58792728
742,58792728
743,58792728
741,58792729
742,58792729
743,58792729
741,58792730
742,58792730
743,58792730
741,58792731
742,58792731
743,58792731
741,58792732
742,58792732
743,58792732
741,58792733
742,58792733
743,58792733
741,58792734
742,58792734
743,58792734
89,58468386
93,58468386
89,58623978
93,58623978
89,58471608
93,58471608
89,58466221
93,58466221
89,58468388
93,58468388
89,58623980
93,58623980
89,58603425
93,58603425
57,58367861_1
39,58367861_2
19,58402455_1
201,58402455_2
19,58402456_1
201,58402456_2
32,58402591_1
23,58402591_2
10,58403586_1
16,58403586_2
8,58404018_1
8,58404018_2
66,58404018_2
66,58404018_3
66,58404062_1
66,58404062_2
57,58404062_2
57,58404062_3
66,58404063_1
57,58404063_2
21,58871872_1
21,58871872_2
23,58871873_1
22,58871873_2
34,58871884_1
32,58871884_2
36,58871887_1
34,58871887_2
38,58871891_1
37,58871891_2
37,58871893_1
36,58871893_2
39,58871894_1
38,58871894_2
39,58871900_1
38,58871900_2
39,58871901_1
39,58871901_2
39,58871902_1
39,58871902_2
39,58871903_1
39,58871903_2
39,58871906_1
39,58871906_2
39,58871909_1
39,58871909_2
CR-Needham,CR-627863-841
CR-Kingston,CR-628092-031
CR-Needham,CR-627865-839
CR-Fairmount,CR-627905-760
CR-Fairmount,CR-627906-759
CR-Fairmount,CR-627907-758
CR-Fairmount,CR-627908-757
CR-Fairmount,CR-627925-740
CR-Fairmount,CR-627926-735
CR-Fairmount,CR-627929-732
CR-Fairmount,CR-627933-728
CR-Fairmount,CR-628977-741
CR-Fairmount,CR-627831-893
CR-Kingston,CR-628481-2021
CR-Kingston,CR-628323-1021
CR-Newburyport,CR-NewburyportLynnShuttleFall-Weekday-0-05:08:00
CR-Newburyport,CR-NewburyportLynnShuttleFall-Weekday-0-05:36:00
CR-Newburyport,CR-NewburyportLynnShuttleFall-Weekday-0-06:13:00
CR-Newburyport,CR-NewburyportLynnShuttleFall-Weekday-0-06:41:00
CR-Newburyport,CR-NewburyportLynnShuttleFall-Weekday-0-07:13:00
CR-Newburyport,CR-NewburyportLynnShuttleFall-Weekday-0-07:43:00
CR-Newburyport,CR-NewburyportLynnShuttleFall-Weekday-0-08:18:00
CR-Newburyport,CR-NewburyportLynnShuttleFall-Weekday-0-08:40:00
CR-Newburyport,CR-NewburyportLynnShuttleFall-Weekday-0-09:10:00
CR-Newburyport,CR-NewburyportLynnShuttleFall-Weekday-0-09:40:00
CR-Newburyport,CR-NewburyportLynnShuttleFall-Weekday-0-10:10:00
CR-Newburyport,CR-NewburyportLynnShuttleFall-Weekday-0-10:40:00
CR-Newburyport,CR-NewburyportLynnShuttleFall-Weekday-0-11:13:00
CR-Newburyport,CR-NewburyportLynnShuttleFall-Weekday-0-11:40:00
CR-Newburyport,CR-NewburyportLynnShuttleFall-Weekday-0-12:10:00
CR-Newburyport,CR-NewburyportLynnShuttleFall-Weekday-0-12:43:00
CR-Newburyport,CR-NewburyportLynnShuttleFall-Weekday-0-13:10:00
CR-Newburyport,CR-NewburyportLynnShuttleFall-Weekday-0-14:10:00
CR-Newburyport,CR-NewburyportLynnShuttleFall-Weekday-0-13:41:00
CR-Newburyport,CR-NewburyportLynnShuttleFall-Weekday-0-14:41:00
CR-Newburyport,CR-NewburyportLynnShuttleFall-Weekday-0-15:11:00
CR-Newburyport,CR-NewburyportLynnShuttleFall-Weekday-0-15:41:00
CR-Newburyport,CR-NewburyportLynnShuttleFall-Weekday-0-16:11:00
CR-Newburyport,CR-NewburyportLynnShuttleFall-Weekday-0-16:40:00
CR-Newburyport,CR-NewburyportLynnShuttleFall-Weekday-0-17:06:00
CR-Newburyport,CR-NewburyportLynnShuttleFall-Weekday-0-17:33:00
CR-Newburyport,CR-NewburyportLynnShuttleFall-Weekday-0-18:10:00
CR-Newburyport,CR-NewburyportLynnShuttleFall-Weekday-0-18:46:00
CR-Newburyport,CR-NewburyportLynnShuttleFall-Weekday-0-19:18:00
CR-Newburyport,CR-NewburyportLynnShuttleFall-Weekday-0-20:10:00
CR-Newburyport,CR-NewburyportLynnShuttleFall-Weekday-0-20:55:00
CR-Newburyport,CR-NewburyportLynnShuttleFall-Weekday-0-21:18:00
CR-Newburyport,CR-NewburyportLynnShuttleFall-Weekday-0-21:48:00
CR-Newburyport,CR-NewburyportLynnShuttleFall-Weekday-0-22:48:00
CR-Newburyport,CR-NewburyportLynnShuttleFall-Weekday-0-23:56:00
CR-Newburyport,CR-NewburyportLynnShuttleFall-Saturday-0-05:20:00
CR-Newburyport,CR-NewburyportLynnShuttleFall-Saturday-0-06:30:00
CR-Newburyport,CR-NewburyportLynnShuttleFall-Saturday-0-07:30:00
CR-Newburyport,CR-NewburyportLynnShuttleFall-Saturday-0-08:30:00
CR-Newburyport,CR-NewburyportLynnShuttleFall-Saturday-0-09:30:00
CR-Newburyport,CR-NewburyportLynnShuttleFall-Saturday-0-09:10:00
CR-Newburyport,CR-NewburyportLynnShuttleFall-Saturday-0-10:05:00
CR-Newburyport,CR-NewburyportLynnShuttleFall-Saturday-0-10:25:00
CR-Newburyport,CR-NewburyportLynnShuttleFall-Saturday-0-11:00:00
CR-Newburyport,CR-NewburyportLynnShuttleFall-Saturday-0-11:25:00
CR-Newburyport,CR-NewburyportLynnShuttleFall-Saturday-0-11:45:00
CR-Newburyport,CR-NewburyportLynnShuttleFall-Saturday-0-12:20:00
CR-Newburyport,CR-NewburyportLynnShuttleFall-Saturday-0-12:55:00
CR-Newburyport,CR-NewburyportLynnShuttleFall-Saturday-0-13:35:00
CR-Newburyport,CR-NewburyportLynnShuttleFall-Saturday-0-14:15:00
CR-Newburyport,CR-NewburyportLynnShuttleFall-Saturday-0-14:50:00
CR-Newburyport,CR-NewburyportLynnShuttleFall-Saturday-0-15:25:00
CR-Newburyport,CR-NewburyportLynnShuttleFall-Saturday-0-15:45:00
CR-Newburyport,CR-NewburyportLynnShuttleFall-Saturday-0-16:14:00
CR-Newburyport,CR-NewburyportLynnShuttleFall-Saturday-0-16:30:00
CR-Newburyport,CR-NewburyportLynnShuttleFall-Saturday-0-17:08:00
CR-Newburyport,CR-NewburyportLynnShuttleFall-Saturday-0-17:25:00
CR-Newburyport,CR-NewburyportLynnShuttleFall-Saturday-0-17:45:00
CR-Newburyport,CR-NewburyportLynnShuttleFall-Saturday-0-18:23:00
CR-Newburyport,CR-NewburyportLynnShuttleFall-Saturday-0-18:40:00
CR-Newburyport,CR-NewburyportLynnShuttleFall-Saturday-0-19:00:00
CR-Newburyport,CR-NewburyportLynnShuttleFall-Saturday-0-19:29:00
CR-Newburyport,CR-NewburyportLynnShuttleFall-Saturday-0-19:45:00
CR-Newburyport,CR-NewburyportLynnShuttleFall-Saturday-0-20:10:00
CR-Newburyport,CR-NewburyportLynnShuttleFall-Saturday-0-20:39:00
CR-Newburyport,CR-NewburyportLynnShuttleFall-Saturday-0-20:55:00
CR-Newburyport,CR-NewburyportLynnShuttleFall-Saturday-0-21:35:00
CR-Newburyport,CR-NewburyportLynnShuttleFall-Saturday-0-22:09:00
CR-Newburyport,CR-NewburyportLynnShuttleFall-Saturday-0-23:05:00
CR-Newburyport,CR-NewburyportLynnShuttleFall-Saturday-0-23:55:00
CR-Newburyport,CR-NewburyportLynnShuttleFall-Saturday-0-24:24:00
CR-Newburyport,CR-NewburyportLynnShuttleFall-Sunday-0-05:20:00
CR-Newburyport,CR-NewburyportLynnShuttleFall-Sunday-0-06:30:00
CR-Newburyport,CR-NewburyportLynnShuttleFall-Sunday-0-07:30:00
CR-Newburyport,CR-NewburyportLynnShuttleFall-Sunday-0-08:30:00
CR-Newburyport,CR-NewburyportLynnShuttleFall-Sunday-0-09:30:00
CR-Newburyport,CR-NewburyportLynnShuttleFall-Sunday-0-09:10:00
CR-Newburyport,CR-NewburyportLynnShuttleFall-Sunday-0-10:05:00
CR-Newburyport,CR-NewburyportLynnShuttleFall-Sunday-0-10:25:00
CR-Newburyport,CR-NewburyportLynnShuttleFall-Sunday-0-11:00:00
CR-Newburyport,CR-NewburyportLynnShuttleFall-Sunday-0-11:25:00
CR-Newburyport,CR-NewburyportLynnShuttleFall-Sunday-0-11:45:00
CR-Newburyport,CR-NewburyportLynnShuttleFall-Sunday-0-12:20:00
CR-Newburyport,CR-NewburyportLynnShuttleFall-Sunday-0-12:55:00
CR-Newburyport,CR-NewburyportLynnShuttleFall-Sunday-0-13:35:00
CR-Newburyport,CR-NewburyportLynnShuttleFall-Sunday-0-14:15:00
CR-Newburyport,CR-NewburyportLynnShuttleFall-Sunday-0-14:50:00
CR-Newburyport,CR-NewburyportLynnShuttleFall-Sunday-0-15:25:00
CR-Newburyport,CR-NewburyportLynnShuttleFall-Sunday-0-15:45:00
CR-Newburyport,CR-NewburyportLynnShuttleFall-Sunday-0-16:14:00
CR-Newburyport,CR-NewburyportLynnShuttleFall-Sunday-0-16:30:00
CR-Newburyport,CR-NewburyportLynnShuttleFall-Sunday-0-17:08:00
CR-Newburyport,CR-NewburyportLynnShuttleFall-Sunday-0-17:25:00
CR-Newburyport,CR-NewburyportLynnShuttleFall-Sunday-0-17:45:00
CR-Newburyport,CR-NewburyportLynnShuttleFall-Sunday-0-18:23:00
CR-Newburyport,CR-NewburyportLynnShuttleFall-Sunday-0-18:40:00
CR-Newburyport,CR-NewburyportLynnShuttleFall-Sunday-0-19:00:00
CR-Newburyport,CR-NewburyportLynnShuttleFall-Sunday-0-19:29:00
CR-Newburyport,CR-NewburyportLynnShuttleFall-Sunday-0-19:45:00
CR-Newburyport,CR-NewburyportLynnShuttleFall-Sunday-0-20:10:00
CR-Newburyport,CR-NewburyportLynnShuttleFall-Sunday-0-20:39:00
CR-Newburyport,CR-NewburyportLynnShuttleFall-Sunday-0-20:55:00
CR-Newburyport,CR-NewburyportLynnShuttleFall-Sunday-0-21:35:00
CR-Newburyport,CR-NewburyportLynnShuttleFall-Sunday-0-22:09:00
CR-Newburyport,CR-NewburyportLynnShuttleFall-Sunday-0-23:05:00
CR-Newburyport,CR-NewburyportLynnShuttleFall-Sunday-0-23:55:00
CR-Newburyport,CR-NewburyportLynnShuttleFall-Sunday-0-24:24:00
CR-Newburyport,CR-NewburyportLynnShuttleFall-Weekday-1-05:31:00
CR-Newburyport,CR-NewburyportLynnShuttleFall-Weekday-1-06:04:00
CR-Newburyport,CR-NewburyportLynnShuttleFall-Weekday-1-06:36:00
CR-Newburyport,CR-NewburyportLynnShuttleFall-Weekday-1-07:06:00
CR-Newburyport,CR-NewburyportLynnShuttleFall-Weekday-1-07:36:00
CR-Newburyport,CR-NewburyportLynnShuttleFall-Weekday-1-08:06:00
CR-Newburyport,CR-NewburyportLynnShuttleFall-Weekday-1-08:41:00
CR-Newburyport,CR-NewburyportLynnShuttleFall-Weekday-1-09:06:00
CR-Newburyport,CR-NewburyportLynnShuttleFall-Weekday-1-09:36:00
CR-Newburyport,CR-NewburyportLynnShuttleFall-Weekday-1-10:06:00
CR-Newburyport,CR-NewburyportLynnShuttleFall-Weekday-1-10:36:00
CR-Newburyport,CR-NewburyportLynnShuttleFall-Weekday-1-11:06:00
CR-Newburyport,CR-NewburyportLynnShuttleFall-Weekday-1-11:36:00
CR-Newburyport,CR-NewburyportLynnShuttleFall-Weekday-1-12:06:00
CR-Newburyport,CR-NewburyportLynnShuttleFall-Weekday-1-12:33:00
CR-Newburyport,CR-NewburyportLynnShuttleFall-Weekday-1-13:06:00
CR-Newburyport,CR-NewburyportLynnShuttleFall-Weekday-1-13:36:00
CR-Newburyport,CR-NewburyportLynnShuttleFall-Weekday-1-14:04:00
CR-Newburyport,CR-NewburyportLynnShuttleFall-Weekday-1-14:36:00
CR-Newburyport,CR-NewburyportLynnShuttleFall-Weekday-1-15:06:00
CR-Newburyport,CR-NewburyportLynnShuttleFall-Weekday-1-15:36:00
CR-Newburyport,CR-NewburyportLynnShuttleFall-Weekday-1-16:06:00
CR-Newburyport,CR-NewburyportLynnShuttleFall-Weekday-1-16:36:00
CR-Newburyport,CR-NewburyportLynnShuttleFall-Weekday-1-17:03:00
CR-Newburyport,CR-NewburyportLynnShuttleFall-Weekday-1-17:33:00
CR-Newburyport,CR-NewburyportLynnShuttleFall-Weekday-1-18:04:00
CR-Newburyport,CR-NewburyportLynnShuttleFall-Weekday-1-18:41:00
CR-Newburyport,CR-NewburyportLynnShuttleFall-Weekday-1-19:09:00
CR-Newburyport,CR-NewburyportLynnShuttleFall-Weekday-1-19:44:00
CR-Newburyport,CR-NewburyportLynnShuttleFall-Weekday-1-20:41:00
CR-Newburyport,CR-NewburyportLynnShuttleFall-Weekday-1-21:18:00
CR-Newburyport,CR-NewburyportLynnShuttleFall-Weekday-1-21:41:00
CR-Newburyport,CR-NewburyportLynnShuttleFall-Weekday-1-22:18:00
CR-Newburyport,CR-NewburyportLynnShuttleFall-Weekday-1-23:19:00
CR-Newburyport,CR-NewburyportLynnShuttleFall-Weekday-1-24:19:00
CR-Newburyport,CR-NewburyportLynnShuttleFall-Saturday-1-05:43:00
CR-Newburyport,CR-NewburyportLynnShuttleFall-Saturday-1-06:58:00
CR-Newburyport,CR-NewburyportLynnShuttleFall-Saturday-1-07:53:00
CR-Newburyport,CR-NewburyportLynnShuttleFall-Saturday-1-08:53:00
CR-Newburyport,CR-NewburyportLynnShuttleFall-Saturday-1-09:33:00
CR-Newburyport,CR-NewburyportLynnShuttleFall-Saturday-1-09:53:00
CR-Newburyport,CR-NewburyportLynnShuttleFall-Saturday-1-10:28:00
CR-Newburyport,CR-NewburyportLynnShuttleFall-Saturday-1-10:48:00
CR-Newburyport,CR-NewburyportLynnShuttleFall-Saturday-1-11:23:00
CR-Newburyport,CR-NewburyportLynnShuttleFall-Saturday-1-11:48:00
CR-Newburyport,CR-NewburyportLynnShuttleFall-Saturday-1-12:08:00
CR-Newburyport,CR-NewburyportLynnShuttleFall-Saturday-1-12:43:00
CR-Newburyport,CR-NewburyportLynnShuttleFall-Saturday-1-13:18:00
CR-Newburyport,CR-NewburyportLynnShuttleFall-Saturday-1-13:58:00
CR-Newburyport,CR-NewburyportLynnShuttleFall-Saturday-1-14:38:00
CR-Newburyport,CR-NewburyportLynnShuttleFall-Saturday-1-15:13:00
CR-Newburyport,CR-NewburyportLynnShuttleFall-Saturday-1-15:48:00
CR-Newburyport,CR-NewburyportLynnShuttleFall-Saturday-1-16:08:00
CR-Newburyport,CR-NewburyportLynnShuttleFall-Saturday-1-16:37:00
CR-Newburyport,CR-NewburyportLynnShuttleFall-Saturday-1-16:53:00
CR-Newburyport,CR-NewburyportLynnShuttleFall-Saturday-1-17:31:00
CR-Newburyport,CR-NewburyportLynnShuttleFall-Saturday-1-17:48:00
CR-Newburyport,CR-NewburyportLynnShuttleFall-Saturday-1-18:08:00
CR-Newburyport,CR-NewburyportLynnShuttleFall-Saturday-1-18:46:00
CR-Newburyport,CR-NewburyportLynnShuttleFall-Saturday-1-19:03:00
CR-Newburyport,CR-NewburyportLynnShuttleFall-Saturday-1-19:23:00
CR-Newburyport,CR-NewburyportLynnShuttleFall-Saturday-1-19:52:00
CR-Newburyport,CR-NewburyportLynnShuttleFall-Saturday-1-20:08:00
CR-Newburyport,CR-NewburyportLynnShuttleFall-Saturday-1-20:33:00
CR-Newburyport,CR-NewburyportLynnShuttleFall-Saturday-1-21:02:00
CR-Newburyport,CR-NewburyportLynnShuttleFall-Saturday-1-21:18:00
CR-Newburyport,CR-NewburyportLynnShuttleFall-Saturday-1-21:58:00
CR-Newburyport,CR-NewburyportLynnShuttleFall-Saturday-1-22:33:00
CR-Newburyport,CR-NewburyportLynnShuttleFall-Saturday-1-23:28:00
CR-Newburyport,CR-NewburyportLynnShuttleFall-Saturday-1-24:18:00
CR-Newburyport,CR-NewburyportLynnShuttleFall-Saturday-1-24:47:00
CR-Newburyport,CR-NewburyportLynnShuttleFall-Sunday-1-05:43:00
CR-Newburyport,CR-NewburyportLynnShuttleFall-Sunday-1-06:58:00
CR-Newburyport,CR-NewburyportLynnShuttleFall-Sunday-1-07:53:00
CR-Newburyport,CR-NewburyportLynnShuttleFall-Sunday-1-08:53:00
CR-Newburyport,CR-NewburyportLynnShuttleFall-Sunday-1-09:33:00
CR-Newburyport,CR-NewburyportLynnShuttleFall-Sunday-1-09:53:00
CR-Newburyport,CR-NewburyportLynnShuttleFall-Sunday-1-10:28:00
CR-Newburyport,CR-NewburyportLynnShuttleFall-Sunday-1-10:48:00
CR-Newburyport,CR-NewburyportLynnShuttleFall-Sunday-1-11:23:00
CR-Newburyport,CR-NewburyportLynnShuttleFall-Sunday-1-11:48:00
CR-Newburyport,CR-NewburyportLynnShuttleFall-Sunday-1-12:08:00
CR-Newburyport,CR-NewburyportLynnShuttleFall-Sunday-1-12:43:00
CR-Newburyport,CR-NewburyportLynnShuttleFall-Sunday-1-13:18:00
CR-Newburyport,CR-NewburyportLynnShuttleFall-Sunday-1-13:58:00
CR-Newburyport,CR-NewburyportLynnShuttleFall-Sunday-1-14:38:00
CR-Newburyport,CR-NewburyportLynnShuttleFall-Sunday-1-15:13:00
CR-Newburyport,CR-NewburyportLynnShuttleFall-Sunday-1-15:48:00
CR-Newburyport,CR-NewburyportLynnShuttleFall-Sunday-1-16:08:00
CR-Newburyport,CR-NewburyportLynnShuttleFall-Sunday-1-16:37:00
CR-Newburyport,CR-NewburyportLynnShuttleFall-Sunday-1-16:53:00
CR-Newburyport,CR-NewburyportLynnShuttleFall-Sunday-1-17:31:00
CR-Newburyport,CR-NewburyportLynnShuttleFall-Sunday-1-17:48:00
CR-Newburyport,CR-NewburyportLynnShuttleFall-Sunday-1-18:08:00
CR-Newburyport,CR-NewburyportLynnShuttleFall-Sunday-1-18:46:00
CR-Newburyport,CR-NewburyportLynnShuttleFall-Sunday-1-19:03:00
CR-Newburyport,CR-NewburyportLynnShuttleFall-Sunday-1-19:23:00
CR-Newburyport,CR-NewburyportLynnShuttleFall-Sunday-1-19:52:00
CR-Newburyport,CR-NewburyportLynnShuttleFall-Sunday-1-20:08:00
CR-Newburyport,CR-NewburyportLynnShuttleFall-Sunday-1-20:33:00
CR-Newburyport,CR-NewburyportLynnShuttleFall-Sunday-1-21:02:00
CR-Newburyport,CR-NewburyportLynnShuttleFall-Sunday-1-21:18:00
CR-Newburyport,CR-NewburyportLynnShuttleFall-Sunday-1-21:58:00
CR-Newburyport,CR-NewburyportLynnShuttleFall-Sunday-1-22:33:00
CR-Newburyport,CR-NewburyportLynnShuttleFall-Sunday-1-23:28:00
CR-Newburyport,CR-NewburyportLynnShuttleFall-Sunday-1-24:18:00
CR-Newburyport,CR-NewburyportLynnShuttleFall-Sunday-1-24:47:00
CR-Haverhill,CR-HaverhillOakGroveReadingFall-Weekday-0-05:40:00
CR-Haverhill,CR-HaverhillOakGroveReadingFall-Weekday-0-06:10:00
CR-Haverhill,CR-HaverhillOakGroveReadingFall-Weekday-0-06:40:00
CR-Haverhill,CR-HaverhillOakGroveReadingFall-Weekday-0-07:10:00
CR-Haverhill,CR-HaverhillOakGroveReadingFall-Weekday-0-07:40:00
CR-Haverhill,CR-HaverhillOakGroveReadingFall-Weekday-0-08:10:00
CR-Haverhill,CR-HaverhillOakGroveReadingFall-Weekday-0-08:40:00
CR-Haverhill,CR-HaverhillOakGroveReadingFall-Weekday-0-09:10:00
CR-Haverhill,CR-HaverhillOakGroveReadingFall-Weekday-0-09:40:00
CR-Haverhill,CR-HaverhillOakGroveReadingFall-Weekday-0-10:10:00
CR-Haverhill,CR-HaverhillOakGroveReadingFall-Weekday-0-10:40:00
CR-Haverhill,CR-HaverhillOakGroveReadingFall-Weekday-0-11:10:00
CR-Haverhill,CR-HaverhillOakGroveReadingFall-Weekday-0-11:40:00
CR-Haverhill,CR-HaverhillOakGroveReadingFall-Weekday-0-12:10:00
CR-Haverhill,CR-HaverhillOakGroveReadingFall-Weekday-0-12:40:00
CR-Haverhill,CR-HaverhillOakGroveReadingFall-Weekday-0-13:10:00
CR-Haverhill,CR-HaverhillOakGroveReadingFall-Weekday-0-13:40:00
CR-Haverhill,CR-HaverhillOakGroveReadingFall-Weekday-0-14:10:00
CR-Haverhill,CR-HaverhillOakGroveReadingFall-Weekday-0-14:40:00
CR-Haverhill,CR-HaverhillOakGroveReadingFall-Weekday-0-15:10:00
CR-Haverhill,CR-HaverhillOakGroveReadingFall-Weekday-0-15:40:00
CR-Haverhill,CR-HaverhillOakGroveReadingFall-Weekday-0-16:10:00
CR-Haverhill,CR-HaverhillOakGroveReadingFall-Weekday-0-16:40:00
CR-Haverhill,CR-HaverhillOakGroveReadingFall-Weekday-0-17:10:00
CR-Haverhill,CR-HaverhillOakGroveReadingFall-Weekday-0-17:40:00
CR-Haverhill,CR-HaverhillOakGroveReadingFall-Weekday-0-18:10:00
CR-Haverhill,CR-HaverhillOakGroveReadingFall-Weekday-0-18:40:00
CR-Haverhill,CR-HaverhillOakGroveReadingFall-Weekday-0-19:10:00
CR-Haverhill,CR-HaverhillOakGroveReadingFall-Weekday-0-19:40:00
CR-Haverhill,CR-HaverhillOakGroveReadingFall-Weekday-0-20:10:00
CR-Haverhill,CR-HaverhillOakGroveReadingFall-Weekday-0-20:40:00
CR-Haverhill,CR-HaverhillOakGroveReadingFall-Weekday-0-21:10:00
CR-Haverhill,CR-HaverhillOakGroveReadingFall-Weekday-0-21:40:00
CR-Haverhill,CR-HaverhillOakGroveReadingFall-Weekday-0-22:10:00
CR-Haverhill,CR-HaverhillOakGroveReadingFall-Weekday-0-22:40:00
CR-Haverhill,CR-HaverhillOakGroveReadingFall-Weekday-0-23:10:00
CR-Haverhill,CR-HaverhillOakGroveReadingFall-Weekday-0-23:40:00
CR-Haverhill,CR-HaverhillOakGroveReadingFall-Weekday-0-06:55:00
CR-Haverhill,CR-HaverhillOakGroveReadingFall-Weekday-0-07:25:00
CR-Haverhill,CR-HaverhillOakGroveReadingFall-Weekday-0-07:55:00
CR-Haverhill,CR-HaverhillOakGroveReadingFall-Weekday-0-08:25:00
CR-Haverhill,CR-HaverhillOakGroveReadingFall-Weekday-0-08:55:00
CR-Haverhill,CR-HaverhillOakGroveReadingFall-Weekday-0-09:25:00
CR-Haverhill,CR-HaverhillOakGroveReadingFall-Weekday-0-15:25:00
CR-Haverhill,CR-HaverhillOakGroveReadingFall-Weekday-0-15:55:00
CR-Haverhill,CR-HaverhillOakGroveReadingFall-Weekday-0-16:25:00
CR-Haverhill,CR-HaverhillOakGroveReadingFall-Weekday-0-16:55:00
CR-Haverhill,CR-HaverhillOakGroveReadingFall-Weekday-0-17:25:00
CR-Haverhill,CR-HaverhillOakGroveReadingFall-Weekday-0-17:55:00
CR-Haverhill,CR-HaverhillOakGroveReadingFall-Weekday-0-18:25:00
CR-Haverhill,CR-HaverhillOakGroveReadingFall-Weekday-0-18:55:00
CR-Haverhill,CR-HaverhillOakGroveReadingFall-Weekday-0-19:25:00
CR-Haverhill,CR-HaverhillOakGroveReadingFall-Saturday-0-05:40:00
CR-Haverhill,CR-HaverhillOakGroveReadingFall-Saturday-0-06:10:00
CR-Haverhill,CR-HaverhillOakGroveReadingFall-Saturday-0-06:40:00
CR-Haverhill,CR-HaverhillOakGroveReadingFall-Saturday-0-07:10:00
CR-Haverhill,CR-HaverhillOakGroveReadingFall-Saturday-0-07:40:00
CR-Haverhill,CR-HaverhillOakGroveReadingFall-Saturday-0-08:10:00
CR-Haverhill,CR-HaverhillOakGroveReadingFall-Saturday-0-08:40:00
CR-Haverhill,CR-HaverhillOakGroveReadingFall-Saturday-0-09:10:00
CR-Haverhill,CR-HaverhillOakGroveReadingFall-Saturday-0-09:40:00
CR-Haverhill,CR-HaverhillOakGroveReadingFall-Saturday-0-10:10:00
CR-Haverhill,CR-HaverhillOakGroveReadingFall-Saturday-0-10:40:00
CR-Haverhill,CR-HaverhillOakGroveReadingFall-Saturday-0-11:10:00
CR-Haverhill,CR-HaverhillOakGroveReadingFall-Saturday-0-11:40:00
CR-Haverhill,CR-HaverhillOakGroveReadingFall-Saturday-0-12:10:00
CR-Haverhill,CR-HaverhillOakGroveReadingFall-Saturday-0-12:40:00
CR-Haverhill,CR-HaverhillOakGroveReadingFall-Saturday-0-13:10:00
CR-Haverhill,CR-HaverhillOakGroveReadingFall-Saturday-0-13:40:00
CR-Haverhill,CR-HaverhillOakGroveReadingFall-Saturday-0-14:10:00
CR-Haverhill,CR-HaverhillOakGroveReadingFall-Saturday-0-14:40:00
CR-Haverhill,CR-HaverhillOakGroveReadingFall-Saturday-0-15:10:00
CR-Haverhill,CR-HaverhillOakGroveReadingFall-Saturday-0-15:40:00
CR-Haverhill,CR-HaverhillOakGroveReadingFall-Saturday-0-16:10:00
CR-Haverhill,CR-HaverhillOakGroveReadingFall-Saturday-0-16:40:00
CR-Haverhill,CR-HaverhillOakGroveReadingFall-Saturday-0-17:10:00
CR-Haverhill,CR-HaverhillOakGroveReadingFall-Saturday-0-17:40:00
CR-Haverhill,CR-HaverhillOakGroveReadingFall-Saturday-0-18:10:00
CR-Haverhill,CR-HaverhillOakGroveReadingFall-Saturday-0-18:40:00
CR-Haverhill,CR-HaverhillOakGroveReadingFall-Saturday-0-19:10:00
CR-Haverhill,CR-HaverhillOakGroveReadingFall-Saturday-0-19:40:00
CR-Haverhill,CR-HaverhillOakGroveReadingFall-Saturday-0-20:10:00
CR-Haverhill,CR-HaverhillOakGroveReadingFall-Saturday-0-20:40:00
CR-Haverhill,CR-HaverhillOakGroveReadingFall-Saturday-0-21:10:00
CR-Haverhill,CR-HaverhillOakGroveReadingFall-Saturday-0-21:40:00
CR-Haverhill,CR-HaverhillOakGroveReadingFall-Saturday-0-22:10:00
CR-Haverhill,CR-HaverhillOakGroveReadingFall-Saturday-0-22:40:00
CR-Haverhill,CR-HaverhillOakGroveReadingFall-Saturday-0-23:10:00
CR-Haverhill,CR-HaverhillOakGroveReadingFall-Saturday-0-23:40:00
CR-Haverhill,CR-HaverhillOakGroveReadingFall-Sunday-0-06:40:00
CR-Haverhill,CR-HaverhillOakGroveReadingFall-Sunday-0-07:10:00
CR-Haverhill,CR-HaverhillOakGroveReadingFall-Sunday-0-07:40:00
CR-Haverhill,CR-HaverhillOakGroveReadingFall-Sunday-0-08:10:00
CR-Haverhill,CR-HaverhillOakGroveReadingFall-Sunday-0-08:40:00
CR-Haverhill,CR-HaverhillOakGroveReadingFall-Sunday-0-09:10:00
CR-Haverhill,CR-HaverhillOakGroveReadingFall-Sunday-0-09:40:00
CR-Haverhill,CR-HaverhillOakGroveReadingFall-Sunday-0-10:10:00
CR-Haverhill,CR-HaverhillOakGroveReadingFall-Sunday-0-10:40:00
CR-Haverhill,CR-HaverhillOakGroveReadingFall-Sunday-0-11:10:00
CR-Haverhill,CR-HaverhillOakGroveReadingFall-Sunday-0-11:40:00
CR-Haverhill,CR-HaverhillOakGroveReadingFall-Sunday-0-12:10:00
CR-Haverhill,CR-HaverhillOakGroveReadingFall-Sunday-0-12:40:00
CR-Haverhill,CR-HaverhillOakGroveReadingFall-Sunday-0-13:10:00
CR-Haverhill,CR-HaverhillOakGroveReadingFall-Sunday-0-13:40:00
CR-Haverhill,CR-HaverhillOakGroveReadingFall-Sunday-0-14:10:00
CR-Haverhill,CR-HaverhillOakGroveReadingFall-Sunday-0-14:40:00
CR-Haverhill,CR-HaverhillOakGroveReadingFall-Sunday-0-15:10:00
CR-Haverhill,CR-HaverhillOakGroveReadingFall-Sunday-0-15:40:00
CR-Haverhill,CR-HaverhillOakGroveReadingFall-Sunday-0-16:10:00
CR-Haverhill,CR-HaverhillOakGroveReadingFall-Sunday-0-16:40:00
CR-Haverhill,CR-HaverhillOakGroveReadingFall-Sunday-0-17:10:00
CR-Haverhill,CR-HaverhillOakGroveReadingFall-Sunday-0-17:40:00
CR-Haverhill,CR-HaverhillOakGroveReadingFall-Sunday-0-18:10:00
CR-Haverhill,CR-HaverhillOakGroveReadingFall-Sunday-0-18:40:00
CR-Haverhill,CR-HaverhillOakGroveReadingFall-Sunday-0-19:10:00
CR-Haverhill,CR-HaverhillOakGroveReadingFall-Sunday-0-19:40:00
CR-Haverhill,CR-HaverhillOakGroveReadingFall-Sunday-0-20:10:00
CR-Haverhill,CR-HaverhillOakGroveReadingFall-Sunday-0-20:40:00
CR-Haverhill,CR-HaverhillOakGroveReadingFall-Sunday-0-21:10:00
CR-Haverhill,CR-HaverhillOakGroveReadingFall-Sunday-0-21:40:00
CR-Haverhill,CR-HaverhillOakGroveReadingFall-Sunday-0-22:10:00
CR-Haverhill,CR-HaverhillOakGroveReadingFall-Sunday-0-22:40:00
CR-Haverhill,CR-HaverhillOakGroveReadingFall-Sunday-0-23:10:00
CR-Haverhill,CR-HaverhillOakGroveReadingFall-Sunday-0-23:40:00
CR-Haverhill,CR-HaverhillOakGroveReadingFall-Weekday-1-05:00:00
CR-Haverhill,CR-HaverhillOakGroveReadingFall-Weekday-1-05:30:00
CR-Haverhill,CR-HaverhillOakGroveReadingFall-Weekday-1-06:00:00
CR-Haverhill,CR-HaverhillOakGroveReadingFall-Weekday-1-06:30:00
CR-Haverhill,CR-HaverhillOakGroveReadingFall-Weekday-1-07:00:00
CR-Haverhill,CR-HaverhillOakGroveReadingFall-Weekday-1-07:30:00
CR-Haverhill,CR-HaverhillOakGroveReadingFall-Weekday-1-08:00:00
CR-Haverhill,CR-HaverhillOakGroveReadingFall-Weekday-1-08:30:00
CR-Haverhill,CR-HaverhillOakGroveReadingFall-Weekday-1-09:00:00
CR-Haverhill,CR-HaverhillOakGroveReadingFall-Weekday-1-09:30:00
CR-Haverhill,CR-HaverhillOakGroveReadingFall-Weekday-1-10:00:00
CR-Haverhill,CR-HaverhillOakGroveReadingFall-Weekday-1-10:30:00
CR-Haverhill,CR-HaverhillOakGroveReadingFall-Weekday-1-11:00:00
CR-Haverhill,CR-HaverhillOakGroveReadingFall-Weekday-1-11:30:00
CR-Haverhill,CR-HaverhillOakGroveReadingFall-Weekday-1-12:00:00
CR-Haverhill,CR-HaverhillOakGroveReadingFall-Weekday-1-12:30:00
CR-Haverhill,CR-HaverhillOakGroveReadingFall-Weekday-1-13:00:00
CR-Haverhill,CR-HaverhillOakGroveReadingFall-Weekday-1-13:30:00
CR-Haverhill,CR-HaverhillOakGroveReadingFall-Weekday-1-14:00:00
CR-Haverhill,CR-HaverhillOakGroveReadingFall-Weekday-1-14:30:00
CR-Haverhill,CR-HaverhillOakGroveReadingFall-Weekday-1-15:00:00
CR-Haverhill,CR-HaverhillOakGroveReadingFall-Weekday-1-15:30:00
CR-Haverhill,CR-HaverhillOakGroveReadingFall-Weekday-1-16:00:00
CR-Haverhill,CR-HaverhillOakGroveReadingFall-Weekday-1-16:30:00
CR-Haverhill,CR-HaverhillOakGroveReadingFall-Weekday-1-17:00:00
CR-Haverhill,CR-HaverhillOakGroveReadingFall-Weekday-1-17:30:00
CR-Haverhill,CR-HaverhillOakGroveReadingFall-Weekday-1-18:00:00
CR-Haverhill,CR-HaverhillOakGroveReadingFall-Weekday-1-18:30:00
CR-Haverhill,CR-HaverhillOakGroveReadingFall-Weekday-1-19:00:00
CR-Haverhill,CR-HaverhillOakGroveReadingFall-Weekday-1-19:30:00
CR-Haverhill,CR-HaverhillOakGroveReadingFall-Weekday-1-20:00:00
CR-Haverhill,CR-HaverhillOakGroveReadingFall-Weekday-1-20:30:00
CR-Haverhill,CR-HaverhillOakGroveReadingFall-Weekday-1-21:00:00
CR-Haverhill,CR-HaverhillOakGroveReadingFall-Weekday-1-21:30:00
CR-Haverhill,CR-HaverhillOakGroveReadingFall-Weekday-1-22:00:00
CR-Haverhill,CR-HaverhillOakGroveReadingFall-Weekday-1-22:30:00
CR-Haverhill,CR-HaverhillOakGroveReadingFall-Weekday-1-23:00:00
CR-Haverhill,CR-HaverhillOakGroveReadingFall-Weekday-1-06:15:00
CR-Haverhill,CR-HaverhillOakGroveReadingFall-Weekday-1-06:45:00
CR-Haverhill,CR-HaverhillOakGroveReadingFall-Weekday-1-07:15:00
CR-Haverhill,CR-HaverhillOakGroveReadingFall-Weekday-1-07:45:00
CR-Haverhill,CR-HaverhillOakGroveReadingFall-Weekday-1-08:15:00
CR-Haverhill,CR-HaverhillOakGroveReadingFall-Weekday-1-08:45:00
CR-Haverhill,CR-HaverhillOakGroveReadingFall-Weekday-1-15:15:00
CR-Haverhill,CR-HaverhillOakGroveReadingFall-Weekday-1-15:45:00
CR-Haverhill,CR-HaverhillOakGroveReadingFall-Weekday-1-16:15:00
CR-Haverhill,CR-HaverhillOakGroveReadingFall-Weekday-1-16:45:00
CR-Haverhill,CR-HaverhillOakGroveReadingFall-Weekday-1-17:15:00
CR-Haverhill,CR-HaverhillOakGroveReadingFall-Weekday-1-17:45:00
CR-Haverhill,CR-HaverhillOakGroveReadingFall-Weekday-1-18:15:00
CR-Haverhill,CR-HaverhillOakGroveReadingFall-Weekday-1-18:45:00
CR-Haverhill,CR-HaverhillOakGroveReadingFall-Weekday-1-19:15:00
CR-Haverhill,CR-HaverhillOakGroveReadingFall-Saturday-1-05:00:00
CR-Haverhill,CR-HaverhillOakGroveReadingFall-Saturday-1-05:30:00
CR-Haverhill,CR-HaverhillOakGroveReadingFall-Saturday-1-06:00:00
CR-Haverhill,CR-HaverhillOakGroveReadingFall-Saturday-1-06:30:00
CR-Haverhill,CR-HaverhillOakGroveReadingFall-Saturday-1-07:00:00
CR-Haverhill,CR-HaverhillOakGroveReadingFall-Saturday-1-07:30:00
CR-Haverhill,CR-HaverhillOakGroveReadingFall-Saturday-1-08:00:00
CR-Haverhill,CR-HaverhillOakGroveReadingFall-Saturday-1-08:30:00
CR-Haverhill,CR-HaverhillOakGroveReadingFall-Saturday-1-09:00:00
CR-Haverhill,CR-HaverhillOakGroveReadingFall-Saturday-1-09:30:00
CR-Haverhill,CR-HaverhillOakGroveReadingFall-Saturday-1-10:00:00
CR-Haverhill,CR-HaverhillOakGroveReadingFall-Saturday-1-10:30:00
CR-Haverhill,CR-HaverhillOakGroveReadingFall-Saturday-1-11:00:00
CR-Haverhill,CR-HaverhillOakGroveReadingFall-Saturday-1-11:30:00
CR-Haverhill,CR-HaverhillOakGroveReadingFall-Saturday-1-12:00:00
CR-Haverhill,CR-HaverhillOakGroveReadingFall-Saturday-1-12:30:00
CR-Haverhill,CR-HaverhillOakGroveReadingFall-Saturday-1-13:00:00
CR-Haverhill,CR-HaverhillOakGroveReadingFall-Saturday-1-13:30:00
CR-Haverhill,CR-HaverhillOakGroveReadingFall-Saturday-1-14:00:00
CR-Haverhill,CR-HaverhillOakGroveReadingFall-Saturday-1-14:30:00
CR-Haverhill,CR-HaverhillOakGroveReadingFall-Saturday-1-15:00:00
CR-Haverhill,CR-HaverhillOakGroveReadingFall-Saturday-1-15:30:00
CR-Haverhill,CR-HaverhillOakGroveReadingFall-Saturday-1-16:00:00
CR-Haverhill,CR-HaverhillOakGroveReadingFall-Saturday-1-16:30:00
CR-Haverhill,CR-HaverhillOakGroveReadingFall-Saturday-1-17:00:00
CR-Haverhill,CR-HaverhillOakGroveReadingFall-Saturday-1-17:30:00
CR-Haverhill,CR-HaverhillOakGroveReadingFall-Saturday-1-18:00:00
CR-Haverhill,CR-HaverhillOakGroveReadingFall-Saturday-1-18:30:00
CR-Haverhill,CR-HaverhillOakGroveReadingFall-Saturday-1-19:00:00
CR-Haverhill,CR-HaverhillOakGroveReadingFall-Saturday-1-19:30:00
CR-Haverhill,CR-HaverhillOakGroveReadingFall-Saturday-1-20:00:00
CR-Haverhill,CR-HaverhillOakGroveReadingFall-Saturday-1-20:30:00
CR-Haverhill,CR-HaverhillOakGroveReadingFall-Saturday-1-21:00:00
CR-Haverhill,CR-HaverhillOakGroveReadingFall-Saturday-1-21:30:00
CR-Haverhill,CR-HaverhillOakGroveReadingFall-Saturday-1-22:00:00
CR-Haverhill,CR-HaverhillOakGroveReadingFall-Saturday-1-22:30:00
CR-Haverhill,CR-HaverhillOakGroveReadingFall-Saturday-1-23:00:00
CR-Haverhill,CR-HaverhillOakGroveReadingFall-Sunday-1-06:00:00
CR-Haverhill,CR-HaverhillOakGroveReadingFall-Sunday-1-06:30:00
CR-Haverhill,CR-HaverhillOakGroveReadingFall-Sunday-1-07:00:00
CR-Haverhill,CR-HaverhillOakGroveReadingFall-Sunday-1-07:30:00
CR-Haverhill,CR-HaverhillOakGroveReadingFall-Sunday-1-08:00:00
CR-Haverhill,CR-HaverhillOakGroveReadingFall-Sunday-1-08:30:00
CR-Haverhill,CR-HaverhillOakGroveReadingFall-Sunday-1-09:00:00
CR-Haverhill,CR-HaverhillOakGroveReadingFall-Sunday-1-09:30:00
CR-Haverhill,CR-HaverhillOakGroveReadingFall-Sunday-1-10:00:00
CR-Haverhill,CR-HaverhillOakGroveReadingFall-Sunday-1-10:30:00
CR-Haverhill,CR-HaverhillOakGroveReadingFall-Sunday-1-11:00:00
CR-Haverhill,CR-HaverhillOakGroveReadingFall-Sunday-1-11:30:00
CR-Haverhill,CR-HaverhillOakGroveReadingFall-Sunday-1-12:00:00
CR-Haverhill,CR-HaverhillOakGroveReadingFall-Sunday-1-12:30:00
CR-Haverhill,CR-HaverhillOakGroveReadingFall-Sunday-1-13:00:00
CR-Haverhill,CR-HaverhillOakGroveReadingFall-Sunday-1-13:30:00
CR-Haverhill,CR-HaverhillOakGroveReadingFall-Sunday-1-14:00:00
CR-Haverhill,CR-HaverhillOakGroveReadingFall-Sunday-1-14:30:00
CR-Haverhill,CR-HaverhillOakGroveReadingFall-Sunday-1-15:00:00
CR-Haverhill,CR-HaverhillOakGroveReadingFall-Sunday-1-15:30:00
CR-Haverhill,CR-HaverhillOakGroveReadingFall-Sunday-1-16:00:00
CR-Haverhill,CR-HaverhillOakGroveReadingFall-Sunday-1-16:30:00
CR-Haverhill,CR-HaverhillOakGroveReadingFall-Sunday-1-17:00:00
CR-Haverhill,CR-HaverhillOakGroveReadingFall-Sunday-1-17:30:00
CR-Haverhill,CR-HaverhillOakGroveReadingFall-Sunday-1-18:00:00
CR-Haverhill,CR-HaverhillOakGroveReadingFall-Sunday-1-18:30:00
CR-Haverhill,CR-HaverhillOakGroveReadingFall-Sunday-1-19:00:00
CR-Haverhill,CR-HaverhillOakGroveReadingFall-Sunday-1-19:30:00
CR-Haverhill,CR-HaverhillOakGroveReadingFall-Sunday-1-20:00:00
CR-Haverhill,CR-HaverhillOakGroveReadingFall-Sunday-1-20:30:00
CR-Haverhill,CR-HaverhillOakGroveReadingFall-Sunday-1-21:00:00
CR-Haverhill,CR-HaverhillOakGroveReadingFall-Sunday-1-21:30:00
CR-Haverhill,CR-HaverhillOakGroveReadingFall-Sunday-1-22:00:00
CR-Haverhill,CR-HaverhillOakGroveReadingFall-Sunday-1-22:30:00
CR-Haverhill,CR-HaverhillOakGroveReadingFall-Sunday-1-23:00:00
CR-Haverhill,CR-HaverhillReadingWoburnFall-Weekday-0-05:33:00
CR-Haverhill,CR-HaverhillReadingWoburnFall-Weekday-0-06:14:00
CR-Haverhill,CR-HaverhillReadingWoburnFall-Weekday-0-06:59:00
CR-Haverhill,CR-HaverhillReadingWoburnFall-Weekday-0-08:12:00
CR-Haverhill,CR-HaverhillReadingWoburnFall-Weekday-0-09:17:00
CR-Haverhill,CR-HaverhillReadingWoburnFall-Weekday-0-10:43:00
CR-Haverhill,CR-HaverhillReadingWoburnFall-Weekday-0-12:09:00
CR-Haverhill,CR-HaverhillReadingWoburnFall-Weekday-0-13:43:00
CR-Haverhill,CR-HaverhillReadingWoburnFall-Weekday-0-15:09:00
CR-Haverhill,CR-HaverhillReadingWoburnFall-Weekday-0-15:32:00
CR-Haverhill,CR-HaverhillReadingWoburnFall-Weekday-0-19:32:00
CR-Haverhill,CR-HaverhillReadingWoburnFall-Saturday-0-06:14:00
CR-Haverhill,CR-HaverhillReadingWoburnFall-Saturday-0-09:14:00
CR-Haverhill,CR-HaverhillReadingWoburnFall-Saturday-0-11:29:00
CR-Haverhill,CR-HaverhillReadingWoburnFall-Saturday-0-13:29:00
CR-Haverhill,CR-HaverhillReadingWoburnFall-Saturday-0-15:29:00
CR-Haverhill,CR-HaverhillReadingWoburnFall-Saturday-0-17:29:00
CR-Haverhill,CR-HaverhillReadingWoburnFall-Saturday-0-19:29:00
CR-Haverhill,CR-HaverhillReadingWoburnFall-Saturday-0-22:34:00
CR-Haverhill,CR-HaverhillReadingWoburnFall-Sunday-0-06:14:00
CR-Haverhill,CR-HaverhillReadingWoburnFall-Sunday-0-09:14:00
CR-Haverhill,CR-HaverhillReadingWoburnFall-Sunday-0-11:29:00
CR-Haverhill,CR-HaverhillReadingWoburnFall-Sunday-0-13:29:00
CR-Haverhill,CR-HaverhillReadingWoburnFall-Sunday-0-15:29:00
CR-Haverhill,CR-HaverhillReadingWoburnFall-Sunday-0-17:29:00
CR-Haverhill,CR-HaverhillReadingWoburnFall-Sunday-0-19:29:00
CR-Haverhill,CR-HaverhillReadingWoburnFall-Sunday-0-22:34:00
CR-Haverhill,CR-HaverhillReadingWoburnFall-Weekday-1-06:12:00
CR-Haverhill,CR-HaverhillReadingWoburnFall-Weekday-1-08:32:00
CR-Haverhill,CR-HaverhillReadingWoburnFall-Weekday-1-09:52:00
CR-Haverhill,CR-HaverhillReadingWoburnFall-Weekday-1-11:22:00
CR-Haverhill,CR-HaverhillReadingWoburnFall-Weekday-1-12:52:00
CR-Haverhill,CR-HaverhillReadingWoburnFall-Weekday-1-14:22:00
CR-Haverhill,CR-HaverhillReadingWoburnFall-Weekday-1-15:27:00
CR-Haverhill,CR-HaverhillReadingWoburnFall-Weekday-1-16:27:00
CR-Haverhill,CR-HaverhillReadingWoburnFall-Weekday-1-18:47:00
CR-Haverhill,CR-HaverhillReadingWoburnFall-Weekday-1-19:57:00
CR-Haverhill,CR-HaverhillReadingWoburnFall-Weekday-1-23:32:00
CR-Haverhill,CR-HaverhillReadingWoburnFall-Saturday-1-07:12:00
CR-Haverhill,CR-HaverhillReadingWoburnFall-Saturday-1-09:12:00
CR-Haverhill,CR-HaverhillReadingWoburnFall-Saturday-1-11:27:00
CR-Haverhill,CR-HaverhillReadingWoburnFall-Saturday-1-13:27:00
CR-Haverhill,CR-HaverhillReadingWoburnFall-Saturday-1-15:27:00
CR-Haverhill,CR-HaverhillReadingWoburnFall-Saturday-1-17:27:00
CR-Haverhill,CR-HaverhillReadingWoburnFall-Saturday-1-20:27:00
CR-Haverhill,CR-HaverhillReadingWoburnFall-Saturday-1-23:27:00
CR-Haverhill,CR-HaverhillReadingWoburnFall-Sunday-1-07:12:00
CR-Haverhill,CR-HaverhillReadingWoburnFall-Sunday-1-09:12:00
CR-Haverhill,CR-HaverhillReadingWoburnFall-Sunday-1-11:27:00
CR-Haverhill,CR-HaverhillReadingWoburnFall-Sunday-1-13:27:00
CR-Haverhill,CR-HaverhillReadingWoburnFall-Sunday-1-15:27:00
CR-Haverhill,CR-HaverhillReadingWoburnFall-Sunday-1-17:27:00
CR-Haverhill,CR-HaverhillReadingWoburnFall-Sunday-1-20:27:00
CR-Haverhill,CR-HaverhillReadingWoburnFall-Sunday-1-23:27:00
CR-Worcester,CR-628020-519-AshClosedFramShuttleDyn1
CR-Worcester,CR-628024-515-AshClosedFramShuttleDyn1
CR-Worcester,CR-628026-513-AshClosedFramShuttleDyn1
CR-Worcester,CR-628028-511-AshClosedFramShuttleDyn1
CR-Worcester,CR-628036-503-AshClosedFramShuttleDyn1
CR-Worcester,CR-628038-501-AshClosedFramShuttleDyn1
CR-Worcester,CR-628008-531-AshClosedFramShuttleDyn1
CR-Worcester,CR-628012-527-AshClosedFramShuttleDyn1
CR-Worcester,CR-628014-525-AshClosedFramShuttleDyn1
CR-Worcester,CR-628010-529-AshClosedFramShuttleDyn1
CR-Worcester,CR-628006-533-AshClosedFramShuttleDyn1
CR-Worcester,CR-628016-523-AshClosedFramShuttleDyn1
CR-Worcester,CR-628004-535-AshClosedFramShuttleDyn1
CR-Worcester,CR-628018-521-AshClosedFramShuttleDyn1
CR-Worcester,CR-628022-517-AshClosedFramShuttleDyn1
CR-Worcester,CR-628030-509-AshClosedFramShuttleDyn1
CR-Worcester,CR-627999-541-AshClosedFramShuttleDyn1
CR-Worcester,CR-628000-539-AshClosedFramShuttleDyn1
CR-Worcester,CR-628002-537-AshClosedFramShuttleDyn1
CR-Worcester,CR-628032-507-AshClosedFramShuttleDyn1
CR-Worcester,CR-628007-532-AshClosedFramShuttleDyn1
CR-Worcester,CR-628015-524-AshClosedFramShuttleDyn1
CR-Worcester,CR-628017-522-AshClosedFramShuttleDyn1
CR-Worcester,CR-628019-520-AshClosedFramShuttleDyn1
CR-Worcester,CR-628023-516-AshClosedFramShuttleDyn1
CR-Worcester,CR-628011-528-AshClosedFramShuttleDyn1
CR-Worcester,CR-628013-526-AshClosedFramShuttleDyn1
CR-Worcester,CR-628003-536-AshClosedFramShuttleDyn1
CR-Worcester,CR-628021-518-AshClosedFramShuttleDyn1
CR-Worcester,CR-628025-514-AshClosedFramShuttleDyn1
CR-Worcester,CR-628027-512-AshClosedFramShuttleDyn1
CR-Worcester,CR-628029-510-AshClosedFramShuttleDyn1
CR-Worcester,CR-628039-500-AshClosedFramShuttleDyn1
CR-Worcester,CR-628009-530-AshClosedFramShuttleDyn1
CR-Worcester,CR-628001-538-AshClosedFramShuttleDyn1
CR-Worcester,CR-628005-534-AshClosedFramShuttleDyn1
CR-Worcester,CR-628031-508-AshClosedFramShuttleDyn1
CR-Worcester,CR-628033-506-AshClosedFramShuttleDyn1
CR-Worcester,CR-628035-504-AshClosedFramShuttleDyn1
CR-Worcester,CR-628037-502-AshClosedFramShuttleDyn1
CR-Worcester,CR-628358-1501-AshClosedFramShuttleDyn1
CR-Worcester,CR-628360-1503-AshClosedFramShuttleDyn1
CR-Worcester,CR-628362-1505-AshClosedFramShuttleDyn1
CR-Worcester,CR-628364-1507-AshClosedFramShuttleDyn1
CR-Worcester,CR-628366-1509-AshClosedFramShuttleDyn1
CR-Worcester,CR-628368-1511-AshClosedFramShuttleDyn1
CR-Worcester,CR-628370-1513-AshClosedFramShuttleDyn1
CR-Worcester,CR-628372-1515-AshClosedFramShuttleDyn1
CR-Worcester,CR-628374-1517-AshClosedFramShuttleDyn1
CR-Worcester,CR-628376-1519-AshClosedFramShuttleDyn1
CR-Worcester,CR-628357-1500-AshClosedFramShuttleDyn1
CR-Worcester,CR-628359-1502-AshClosedFramShuttleDyn1
CR-Worcester,CR-628361-1504-AshClosedFramShuttleDyn1
CR-Worcester,CR-628363-1506-AshClosedFramShuttleDyn1
CR-Worcester,CR-628365-1508-AshClosedFramShuttleDyn1
CR-Worcester,CR-628367-1510-AshClosedFramShuttleDyn1
CR-Worcester,CR-628369-1512-AshClosedFramShuttleDyn1
CR-Worcester,CR-628371-1514-AshClosedFramShuttleDyn1
CR-Worcester,CR-628373-1516-AshClosedFramShuttleDyn1
CR-Worcester,CR-628375-1518-AshClosedFramShuttleDyn1
CR-Worcester,CR-628516-2501-AshClosedFramShuttleDyn1
CR-Worcester,CR-628518-2503-AshClosedFramShuttleDyn1
CR-Worcester,CR-628520-2505-AshClosedFramShuttleDyn1
CR-Worcester,CR-628522-2507-AshClosedFramShuttleDyn1
CR-Worcester,CR-628524-2509-AshClosedFramShuttleDyn1
CR-Worcester,CR-628526-2511-AshClosedFramShuttleDyn1
CR-Worcester,CR-628528-2513-AshClosedFramShuttleDyn1
CR-Worcester,CR-628530-2515-AshClosedFramShuttleDyn1
CR-Worcester,CR-628532-2517-AshClosedFramShuttleDyn1
CR-Worcester,CR-628534-2519-AshClosedFramShuttleDyn1
CR-Worcester,CR-628515-2500-AshClosedFramShuttleDyn1
CR-Worcester,CR-628517-2502-AshClosedFramShuttleDyn1
CR-Worcester,CR-628519-2504-AshClosedFramShuttleDyn1
CR-Worcester,CR-628521-2506-AshClosedFramShuttleDyn1
CR-Worcester,CR-628523-2508-AshClosedFramShuttleDyn1
CR-Worcester,CR-628525-2510-AshClosedFramShuttleDyn1
CR-Worcester,CR-628527-2512-AshClosedFramShuttleDyn1
CR-Worcester,CR-628529-2514-AshClosedFramShuttleDyn1
CR-Worcester,CR-628531-2516-AshClosedFramShuttleDyn1
CR-Worcester,CR-628533-2518-AshClosedFramShuttleDyn1
CR-Haverhill,CR-643616-205-HaverWoburnReadingDyn1
CR-Haverhill,CR-643617-217-HaverWoburnReadingDyn1
CR-Haverhill,CR-643621-201-HaverWoburnReadingDyn1
CR-Haverhill,CR-643624-223-HaverWoburnReadingDyn1
CR-Haverhill,CR-643625-219-HaverWoburnReadingDyn1
CR-Haverhill,CR-643626-203-HaverWoburnReadingDyn1
CR-Haverhill,CR-643627-209-HaverWoburnReadingDyn1
CR-Haverhill,CR-643629-213-HaverWoburnReadingDyn1
CR-Haverhill,CR-643630-225-HaverWoburnReadingDyn1
CR-Haverhill,CR-643631-211-HaverWoburnReadingDyn1
CR-Haverhill,CR-643632-207-HaverWoburnReadingDyn1
CR-Haverhill,CR-643633-221-HaverWoburnReadingDyn1
CR-Haverhill,CR-643635-215-HaverWoburnReadingDyn1
CR-Haverhill,CR-643628-280-HaverWoburnReadingDyn1
CR-Haverhill,CR-643612-214-HaverWoburnReadingDyn1
CR-Haverhill,CR-643613-220-HaverWoburnReadingDyn1
CR-Haverhill,CR-643614-218-HaverWoburnReadingDyn1
CR-Haverhill,CR-643615-212-HaverWoburnReadingDyn1
CR-Haverhill,CR-643618-202-HaverWoburnReadingDyn1
CR-Haverhill,CR-643619-216-HaverWoburnReadingDyn1
CR-Haverhill,CR-643620-200-HaverWoburnReadingDyn1
CR-Haverhill,CR-643622-208-HaverWoburnReadingDyn1
CR-Haverhill,CR-643623-206-HaverWoburnReadingDyn1
CR-Haverhill,CR-643634-210-HaverWoburnReadingDyn1
CR-Haverhill,CR-643636-224-HaverWoburnReadingDyn1
CR-Haverhill,CR-643637-204-HaverWoburnReadingDyn1
CR-Haverhill,CR-643652-1209-HaverWoburnReadingDyn1
CR-Haverhill,CR-643655-1211-HaverWoburnReadingDyn1
CR-Haverhill,CR-643657-1215-HaverWoburnReadingDyn1
CR-Haverhill,CR-643658-1205-HaverWoburnReadingDyn1
CR-Haverhill,CR-643664-1213-HaverWoburnReadingDyn1
CR-Haverhill,CR-643665-1201-HaverWoburnReadingDyn1
CR-Haverhill,CR-643666-1203-HaverWoburnReadingDyn1
CR-Haverhill,CR-643667-1207-HaverWoburnReadingDyn1
CR-Haverhill,CR-643651-1202-HaverWoburnReadingDyn1
CR-Haverhill,CR-643653-1206-HaverWoburnReadingDyn1
CR-Haverhill,CR-643654-1200-HaverWoburnReadingDyn1
CR-Haverhill,CR-643656-1210-HaverWoburnReadingDyn1
CR-Haverhill,CR-643660-1212-HaverWoburnReadingDyn1
CR-Haverhill,CR-643661-1208-HaverWoburnReadingDyn1
CR-Haverhill,CR-643662-1204-HaverWoburnReadingDyn1
CR-Haverhill,CR-643663-1214-HaverWoburnReadingDyn1
CR-Haverhill,CR-643702-2215-HaverWoburnReadingDyn1
CR-Haverhill,CR-643704-2209-HaverWoburnReadingDyn1
CR-Haverhill,CR-643706-2201-HaverWoburnReadingDyn1
CR-Haverhill,CR-643707-2203-HaverWoburnReadingDyn1
CR-Haverhill,CR-643708-2213-HaverWoburnReadingDyn1
CR-Haverhill,CR-643709-2205-HaverWoburnReadingDyn1
CR-Haverhill,CR-643710-2211-HaverWoburnReadingDyn1
CR-Haverhill,CR-643711-2207-HaverWoburnReadingDyn1
CR-Haverhill,CR-643700-2208-HaverWoburnReadingDyn1
CR-Haverhill,CR-643701-2200-HaverWoburnReadingDyn1
CR-Haverhill,CR-643705-2206-HaverWoburnReadingDyn1
CR-Haverhill,CR-643712-2210-HaverWoburnReadingDyn1
CR-Haverhill,CR-643713-2212-HaverWoburnReadingDyn1
CR-Haverhill,CR-643714-2214-HaverWoburnReadingDyn1
CR-Haverhill,CR-643715-2204-HaverWoburnReadingDyn1
CR-Haverhill,CR-643716-2202-HaverWoburnReadingDyn1
