741
742
743
751
749
746
747
708
1
4
7
8
9
10
11
14
15
16
17
18
19
21
22
23
24
26
28
29
30
31
32
33
34
34E
35
36
37
38
39
40
41
42
43
44
45
47
50
51
52
55
57
59
60
61
62
627
64
65
66
67
68
69
70
71
73
74
75
76
77
78
80
83
85
86
87
88
89
90
91
92
93
94
95
96
97
99
100
101
104
105
106
108
109
110
111
112
114
116
117
119
120
121
131
132
134
137
171
201
202
210
211
215
216
217
220
222
225
226
230
236
238
240
245
350
351
354
411
424
426
428
429
430
435
436
439
441
442
450
451
455
456
501
504
505
553
554
556
558
712
713
714
716
