route_id
01       6768.500000
04        506.000000
07       3598.583333
08       2128.083333
09       4715.250000
10       2265.833333
100      2462.583333
101      2837.583333
104      3461.333333
105       870.333333
106      1785.000000
108      1970.500000
109      3503.166667
11       2897.000000
110      2533.833333
111     10895.583333
112      1048.416667
114       379.333333
116      3269.166667
117      3456.916667
119      1080.750000
120      2127.833333
121       611.416667
131       449.250000
132      1115.500000
134      1634.083333
137      2007.833333
14        891.666667
15       5387.833333
16       4654.000000
17       2301.083333
171        60.750000
18        511.666667
19       1327.000000
191        56.000000
192        51.166667
193        51.166667
194        35.250000
201      1983.250000
202       830.750000
21       3310.166667
210      1002.666667
211      1042.666667
215      1651.583333
216      3022.250000
217       184.333333
22       5503.500000
220      2024.833333
222      1783.833333
225      2650.750000
226      1138.000000
23       6610.833333
230      1455.833333
236       915.000000
238      1368.166667
24       1818.583333
240      2366.833333
245       226.500000
26       2499.583333
28       6322.666667
29       1378.250000
30       1871.583333
31       5025.916667
32       8189.333333
33       1048.250000
34       3047.333333
34E      2284.666667
35       2112.666667
350      1695.083333
351       643.000000
354       804.916667
36       2979.083333
37       1684.416667
38       1432.500000
39       5943.083333
40       1265.333333
41       1581.333333
411       863.833333
42       2769.000000
424       210.583333
426      1479.250000
428       126.333333
429      1191.500000
43       1843.333333
430       948.583333
435       976.083333
436       789.833333
439       210.833333
44       2760.583333
441       832.416667
442      2468.583333
45       3021.000000
450      1633.666667
451       253.000000
455      1971.416667
456       210.833333
47       2870.916667
50       1180.166667
501      1439.833333
504      1891.333333
505       772.083333
51       1260.416667
52        640.500000
55        576.166667
553       933.333333
554       252.666667
556       337.333333
558       274.083333
57       6821.500000
59       1022.750000
60       1812.083333
61        892.833333
62        993.500000
64       1506.333333
65       1909.083333
66       6436.333333
67       1012.000000
68        732.833333
69       2802.500000
70       4315.250000
71       4816.666667
73       4648.583333
74       1835.750000
743      6119.583333
746_     2723.083333
75       2218.333333
76        421.666667
77       5506.833333
78       1825.250000
80       1980.750000
83       2255.000000
85        569.166667
86       2885.500000
87       2757.416667
88       2763.416667
89       3572.333333
90       1117.750000
91       1982.333333
92       1604.083333
93       2661.500000
94       1668.833333
95       2299.500000
96       1724.666667
97        842.166667
99       1190.750000
CT2       903.416667
CT3      1184.416667
SL1      6339.750000
SL2      5738.166667
SL4      5168.916667
SL5      7726.583333